# one_loop_dd
-1.288686496664358553e-04
-1.420510612289257373e-04
-7.670367342800689511e-05
-8.926986243456453438e-05
-9.566890199305551595e-05
-9.438242532133547520e-05
-9.658566071545139652e-05
-9.732777089104186342e-05
-9.894708453459434441e-05
-1.001255977764455387e-04
-1.016247852193808646e-04
-1.029596241174790398e-04
-1.044200337697185683e-04
-1.058013493251785372e-04
-1.073081288654717703e-04
-1.087650901057614952e-04
-1.102859459221708246e-04
-1.117785569951656202e-04
-1.132893470314814244e-04
-1.148580984002858075e-04
-1.164680545038514751e-04
-1.180584114993434844e-04
-1.196873206842139056e-04
-1.213028154323306929e-04
-1.229932675277600968e-04
-1.247085646381955600e-04
-1.263875762418897029e-04
-1.281260949698594500e-04
-1.299069307131638183e-04
-1.316879485077197018e-04
-1.335310513339018571e-04
-1.353475417266997302e-04
-1.371711217587214915e-04
-1.390671046362307935e-04
-1.409965153800117285e-04
-1.429487960741748700e-04
-1.449023847167095285e-04
-1.468929758232535572e-04
-1.489340431487107676e-04
-1.509506609830870945e-04
-1.530300075056131729e-04
-1.551587258208441495e-04
-1.572891251480802309e-04
-1.594579695068647652e-04
-1.616348768756390125e-04
-1.638347160903267014e-04
-1.661162556021754182e-04
-1.684154104896051090e-04
-1.707253182200864469e-04
-1.730527136083293927e-04
-1.754236221849492770e-04
-1.778713124304833046e-04
-1.803007651206328037e-04
-1.827709523284567214e-04
-1.853232821409281752e-04
-1.878314421580796112e-04
-1.904105916591827081e-04
-1.930658075939527263e-04
-1.956966702913285499e-04
-1.983824516163199014e-04
-2.011352129758948049e-04
-2.038951265143699695e-04
-2.066723344116250488e-04
-2.095082983988854491e-04
-2.124333231347522361e-04
-2.153543038512883534e-04
-2.182826431588275550e-04
-2.213032510739698069e-04
-2.243588094489102117e-04
-2.274309800869321401e-04
-2.305495954089845448e-04
-2.337195282896786482e-04
-2.369359987998673244e-04
-2.401817365212797659e-04
-2.435057692295134813e-04
-2.468715300787691427e-04
-2.502371785982928352e-04
-2.536672583189224684e-04
-2.571753930556235882e-04
-2.607150608568250183e-04
-2.643060560788753894e-04
-2.679350912709314208e-04
-2.716040389203786898e-04
-2.753484515825490447e-04
-2.791438966520119508e-04
-2.829815114237589939e-04
-2.868596623144043152e-04
-2.907968654293001214e-04
-2.948181470812122492e-04
-2.988756698359832167e-04
-3.029672288565660372e-04
-3.071165799457635775e-04
-3.113559043083758793e-04
-3.156642181972286283e-04
-3.199840850849471627e-04
-3.243517976740811510e-04
-3.288394595403097091e-04
-3.334023446283323859e-04
-3.379595968066074780e-04
-3.425666377573830228e-04
-3.472828535570167603e-04
-3.520859783247443238e-04
-3.569568350091354737e-04
-3.618517433884110520e-04
-3.667914590464402833e-04
-3.718342323285512858e-04
-3.769439734207182435e-04
-3.821175265831482483e-04
-3.874023754127990616e-04
-3.927382182088228705e-04
-3.981208093999734398e-04
-4.036013142511583668e-04
-4.091358499547251238e-04
-4.147335417738831089e-04
-4.204655345040523131e-04
-4.262785284174759950e-04
-4.321228959140841386e-04
-4.380399905872507747e-04
-4.440555289893006628e-04
-4.501604484145680231e-04
-4.563573577111044522e-04
-4.626432803965331900e-04
-4.690066370300028059e-04
-4.754462739143432756e-04
-4.819623387576783802e-04
-4.885938858064636098e-04
-4.953537908243628354e-04
-5.021680239833182548e-04
-5.090441253447960121e-04
-5.160371420933066366e-04
-5.231559907230220411e-04
-5.303566112288789821e-04
-5.375916273364633995e-04
-5.449757731258618931e-04
-5.525220433020103673e-04
-5.601204419475272912e-04
-5.678186597036162693e-04
-5.755987633052474326e-04
-5.834653057447020423e-04
-5.915212249867540708e-04
-5.997078429864045272e-04
-6.079201484255449331e-04
-6.162460295685816139e-04
-6.247048149492650951e-04
-6.333029610926296099e-04
-6.420534880318945871e-04
-6.508499308544371531e-04
-6.597988651361986426e-04
-6.689183909680685835e-04
-6.780673862866610493e-04
-6.873432873549520979e-04
-6.968240333210323160e-04
-7.064266275937144263e-04
-7.161021984810288493e-04
-7.259458757008952368e-04
-7.359488798805590868e-04
-7.460446704465204188e-04
-7.563028966366881116e-04
-7.666999639820087182e-04
-7.772173042588183039e-04
-7.879614153211456388e-04
-7.988075655702647857e-04
-8.097064744990765213e-04
-8.208360401606787371e-04
-8.321904365422215467e-04
-8.436186868330411513e-04
-8.551173548841669398e-04
-8.668844783820443215e-04
-8.788693816313352617e-04
-8.909346956480565386e-04
-9.031556806178679415e-04
-9.155639100603869557e-04
-9.281798017794276861e-04
-9.409210246757029406e-04
-9.538067372789116099e-04
-9.669674303369982411e-04
-9.802742812634853212e-04
-9.937029233063692478e-04
-1.007361427058853145e-03
-1.021199965724011154e-03
-1.035249733856686595e-03
-1.049503680379851008e-03
-1.063900300341326464e-03
-1.078499684211878685e-03
-1.093328797569591499e-03
-1.108329510361980887e-03
-1.123560889532695343e-03
-1.139034876579961102e-03
-1.154677058252526721e-03
-1.170545255367604932e-03
-1.186627740982290711e-03
-1.202901471816460177e-03
-1.219467186042720629e-03
-1.236247345326751132e-03
-1.253186657055483256e-03
-1.270407713025279535e-03
-1.287894868063243180e-03
-1.305563824322232905e-03
-1.323466610394751376e-03
-1.341676992036601283e-03
-1.360113380253239954e-03
-1.378746946962253759e-03
-1.397726718991020977e-03
-1.416979334108430010e-03
-1.436435288907228665e-03
-1.456195037039061894e-03
-1.476200785177286898e-03
-1.496452759494785751e-03
-1.516982984248791680e-03
-1.537760393696009599e-03
-1.558888403615415206e-03
-1.580358149016541751e-03
-1.602101204859541529e-03
-1.624134736656497472e-03
-1.646408700377799189e-03
-1.668987971959007667e-03
-1.691960352294502546e-03
-1.715207066058622824e-03
-1.738740145924261944e-03
-1.762599518117428845e-03
-1.786745135712108825e-03
-1.811298380139969664e-03
-1.836254159987974095e-03
-1.861453727652567216e-03
-1.887011331710502886e-03
-1.912992432722868032e-03
-1.939238386741856017e-03
-1.965824425086664783e-03
-1.992832396128822823e-03
-2.020195326866777372e-03
-2.047965739303003914e-03
-2.076114652448006644e-03
-2.104574961669017537e-03
-2.133450947209908008e-03
-2.162795786584905192e-03
-2.192511852444002391e-03
-2.222617174062321496e-03
-2.253183141665683273e-03
-2.284154196689757842e-03
-2.315472255393512171e-03
-2.347237980694400102e-03
-2.379530294745294504e-03
-2.412229688875854039e-03
-2.445291815350920939e-03
-2.478849119209248358e-03
-2.512942058291753149e-03
-2.547420958978528424e-03
-2.582326367928982659e-03
-2.617805672681376705e-03
-2.653773980555071930e-03
-2.690184631307525765e-03
-2.727066955737661533e-03
-2.764515857711751824e-03
-2.802522722845231587e-03
-2.840955482420515470e-03
-2.879971633093513644e-03
-2.919598477174932625e-03
-2.959608523637488262e-03
-3.000180596868792966e-03
-3.041453758984772552e-03
-3.083202726494857059e-03
-3.125445262860969235e-03
-3.168357919818719573e-03
-3.211921793157444197e-03
-3.255972154035993802e-03
-3.300598775994917269e-03
-3.345992109269617983e-03
-3.391947743244169526e-03
-3.438483974854444122e-03
-3.485702703622293921e-03
-3.533490757925472625e-03
-3.581986035209366783e-03
-3.631189144909653232e-03
-3.681014169532623864e-03
-3.731553344139630288e-03
-3.782733389575504597e-03
-3.834553042570146286e-03
-3.887185657045776760e-03
-3.940583646874051826e-03
-3.994638822309904205e-03
-4.049419286893000958e-03
-4.104968756893753908e-03
-4.161342334679693847e-03
-4.218474503612037324e-03
-4.276280694281280395e-03
-4.334948296272634824e-03
-4.394501791279152754e-03
-4.454784936855388233e-03
-4.515900908223522206e-03
-4.577925028802743226e-03
-4.640722940399050200e-03
-4.704336457818595468e-03
-4.768879690323900647e-03
-4.834293240903255601e-03
-4.900624899354354136e-03
-4.967917375799584673e-03
-5.036075261643560216e-03
-5.105056921282304962e-03
-5.175027999129814052e-03
-5.246054064752413496e-03
-5.317920478972716809e-03
-5.390800429169747762e-03
-5.464886325566219345e-03
-5.539880555099961287e-03
-5.615757311182193595e-03
-5.692744495393933790e-03
-5.770892248943958018e-03
-5.850080646287645486e-03
-5.930184699437665574e-03
-6.011431161302552284e-03
-6.093980152581342236e-03
-6.177571504804383815e-03
-6.262214895576351248e-03
-6.348120028235349453e-03
-6.435170827216251700e-03
-6.523314410839326644e-03
-6.612779405000493264e-03
-6.703548770583314317e-03
-6.795459220229344531e-03
-6.888616463034119911e-03
-6.983084527971875066e-03
-7.078784602991744501e-03
-7.175752524322276220e-03
-7.274069656558837006e-03
-7.373811622000184945e-03
-7.474962163837976098e-03
-7.577430511241637148e-03
-7.681286823959060546e-03
-7.786493718999232781e-03
-7.893064163405828781e-03
-8.001307808151551793e-03
-8.111069850625988314e-03
-8.222184035747651804e-03
-8.334861022355234683e-03
-8.449041974641694625e-03
-8.564809151786612409e-03
-8.682232395307475786e-03
-8.801178848798482668e-03
-8.921685836931050884e-03
-9.043888467098658290e-03
-9.167877207074206364e-03
-9.293516210722437693e-03
-9.420866402641017712e-03
-9.550006293443054350e-03
-9.680686948573900830e-03
-9.813051981917453315e-03
-9.947517847248491321e-03
-1.008397925058883253e-02
-1.022215759328397831e-02
-1.036212419517040101e-02
-1.050396192208798499e-02
-1.064769382450918636e-02
-1.079354326910271500e-02
-1.094153613904803000e-02
-1.109139611759465613e-02
-1.124320890085525604e-02
-1.139720449537225642e-02
-1.155326210024245660e-02
-1.171135055069688624e-02
-1.187166858626401492e-02
-1.203419313789864595e-02
-1.219889764686589960e-02
-1.236598078545387072e-02
-1.253527722533053120e-02
-1.270676350128312204e-02
-1.288072153635467197e-02
-1.305697388435711828e-02
-1.323560941387568607e-02
-1.341682442504598186e-02
-1.360046510255609638e-02
-1.378666886213818048e-02
-1.397538824256080829e-02
-1.416656888832277736e-02
-1.436045649245563591e-02
-1.455697160712631638e-02
-1.475608726956210634e-02
-1.495791938040910880e-02
-1.516246527714281388e-02
-1.536993036285007157e-02
-1.558043885127561104e-02
-1.579363813946989964e-02
-1.600945741479112283e-02
-1.622836123431856473e-02
-1.645040317556889162e-02
-1.667546721368459717e-02
-1.690357248426150802e-02
-1.713458466348056347e-02
-1.736886192476906968e-02
-1.760660300223701805e-02
-1.784734012140734918e-02
-1.809112848711013841e-02
-1.833835038156884922e-02
-1.858924041213286943e-02
-1.884355400971066824e-02
-1.910100559815889470e-02
-1.936210759325986130e-02
-1.962690265302710624e-02
-1.989512589775307289e-02
-2.016706691043693850e-02
-2.044269852322836561e-02
-2.072187201300287884e-02
-2.100500498246917966e-02
-2.129236453239229110e-02
-2.158338094125388310e-02
-2.187796306492531886e-02
-2.217689671476288232e-02
-2.248004994313772958e-02
-2.278705574646153198e-02
-2.309829486684165240e-02
-2.341375363960985015e-02
-2.373351216674204206e-02
-2.405777628798624543e-02
-2.438645482214641530e-02
-2.471950248499173858e-02
-2.505688649256308798e-02
-2.539896274736859125e-02
-2.574589830201301499e-02
-2.609749267615017396e-02
-2.645377973069121605e-02
-2.681493035575301456e-02
-2.718112856779586820e-02
-2.755231644473322625e-02
-2.792834525155006922e-02
-2.830945797144726259e-02
-2.869596519533976209e-02
-2.908767805354585748e-02
-2.948432228004373851e-02
-2.988635608114617592e-02
-3.029442377774498041e-02
-3.070803472570015485e-02
-3.112670072862805046e-02
-3.155119058090006395e-02
-3.198172528924127234e-02
-3.241780052198525025e-02
-3.285975260314667745e-02
-3.330803792791892093e-02
-3.376249458048064672e-02
-3.422288940064758395e-02
-3.468931361153101967e-02
-3.516217262986812142e-02
-3.564176229004302476e-02
-3.612791044672072904e-02
-3.662051102808915048e-02
-3.711979732455035486e-02
-3.762585620510469631e-02
-3.813863004562029202e-02
-3.865802907145995948e-02
-3.918452393800163358e-02
-3.971870775874214443e-02
-4.026017745581691315e-02
-4.080859466520102286e-02
-4.136421945195879746e-02
-4.192744665159228029e-02
-4.249857834588970790e-02
-4.307756575243772840e-02
-4.366453030274636965e-02
-4.425934176456246955e-02
-4.486185500251258645e-02
-4.547262303249992310e-02
-4.609169887429034884e-02
-4.671914607083463983e-02
-4.735530094931374168e-02
-4.799996724124805381e-02
-4.865300607189599474e-02
-4.931497023191087903e-02
-4.998620815245378990e-02
-5.066634727797893201e-02
-5.135584485110251951e-02
-5.205485793912972836e-02
-5.276277121126558833e-02
-5.348009948272034603e-02
-5.420753040366932396e-02
-5.494501524696642630e-02
-5.569240641419113957e-02
-5.644992697960733719e-02
-5.721744862608383470e-02
-5.799507952323749299e-02
-5.878359508536124683e-02
-5.958280469853623890e-02
-6.039263755640344317e-02
-6.121339272420760202e-02
-6.204513759969674386e-02
-6.288822005796826375e-02
-6.374293024129273899e-02
-6.460904670493058943e-02
-6.548627843508500468e-02
-6.637578042267039402e-02
-6.727791286451095809e-02
-6.819157925109139984e-02
-6.911717358180774484e-02
-7.005531983520457695e-02
-7.100652682385598380e-02
-7.197110478643062303e-02
-7.294839633316840821e-02
-7.393841339032126980e-02
-7.494146506648932671e-02
-7.595816388719482670e-02
-7.698935724630848187e-02
-7.803456354288837438e-02
-7.909298956294397165e-02
-8.016550568990171710e-02
-8.125255478749179860e-02
-8.235413505084326902e-02
-8.347083587732526122e-02
-8.460233224939553431e-02
-8.574956967636343519e-02
-8.691362341426335514e-02
-8.809287038591120944e-02
-8.928662424235628281e-02
-9.049587411466547548e-02
-9.172117942071174312e-02
-9.296412736875435401e-02
-9.422323942473091740e-02
-9.549786929485729048e-02
-9.679312378095793201e-02
-9.810824103768511772e-02
-9.943641321750072704e-02
-1.007780251309200181e-01
-1.021417454126584412e-01
-1.035275585864184750e-01
-1.049290898636273672e-01
-1.063491813144731152e-01
-1.077886136098725189e-01
-1.092456234686444982e-01
-1.107225821431781776e-01
-1.122184888368284589e-01
-1.137358205316202769e-01
-1.152764813960039103e-01
-1.168354595476894381e-01
-1.184164722925047791e-01
-1.200189692071436109e-01
-1.216373671437812887e-01
-1.232811152110804137e-01
-1.249507629472558501e-01
-1.266404808060358766e-01
-1.283506889541662643e-01
-1.300802718014824610e-01
-1.318376595852277788e-01
-1.336234642482223567e-01
-1.354281204468807676e-01
-1.372540251497100794e-01
-1.391058243417966356e-01
-1.409826493093191413e-01
-1.428844624207545877e-01
-1.448141428405913533e-01
-1.467692372695240943e-01
-1.487488884496960262e-01
-1.507568734804895783e-01
-1.527904366882639198e-01
-1.548515026824211493e-01
-1.569407881581713626e-01
-1.590544759206405923e-01
-1.611965261455606258e-01
-1.633686776511459604e-01
-1.655720831570968721e-01
-1.678055452409686343e-01
-1.700641720420459913e-01
-1.723533006559071212e-01
-1.746775465987267795e-01
-1.770333927252374651e-01
-1.794185143790656412e-01
-1.818304993538780723e-01
-1.842728263449626147e-01
-1.867533679497206389e-01
-1.892708771260603329e-01
-1.918217468171506124e-01
-1.944028927554141140e-01
-1.970129002298334486e-01
-1.996578926527760312e-01
-2.023429601330865857e-01
-2.050661674307883986e-01
-2.078259307020325908e-01
-2.106227333318010653e-01
-2.134531089652052793e-01
-2.163184087472091455e-01
-2.192219404056423016e-01
-2.221638825818668395e-01
-2.251501753794300231e-01
-2.281777213388292147e-01
-2.312373769584518957e-01
-2.343349550129301129e-01
-2.374803301404605493e-01
-2.406737338308068130e-01
-2.439053968074247625e-01
-2.471729838689400993e-01
-2.504875581393751771e-01
-2.538475330782686834e-01
-2.572464582347727124e-01
-2.606929742934447347e-01
-2.641927199785600866e-01
-2.677393777479994963e-01
-2.713285724024712131e-01
-2.749610631591156151e-01
-2.786397224583999632e-01
-2.823688305647871211e-01
-2.861488717892896050e-01
-2.899796990508705097e-01
-2.938653232847252550e-01
-2.978042504365174814e-01
-3.017880480995448478e-01
-3.058190794210153829e-01
-3.099065246769031057e-01
-3.140519799473489027e-01
-3.182523978246446505e-01
-3.225045877506528269e-01
-3.268114241558272570e-01
-3.311781594818146157e-01
-3.356079975345451771e-01
-3.400980616021638259e-01
-3.446377094531298813e-01
-3.492307109627143524e-01
-3.538943004828788985e-01
-3.586242986717285697e-01
-3.634073870019316477e-01
-3.682507711484080959e-01
-3.731616286300309948e-01
-3.781384131936423310e-01
-3.831844151543705723e-01
-3.882938221412444157e-01
-3.934625510234411871e-01
-3.987072692455982947e-01
-4.040231986633608940e-01
-4.093993756115958949e-01
-4.148501700259732972e-01
-4.203773397668206790e-01
-4.259778892284081797e-01
-4.316488067598716061e-01
-4.373865942573686438e-01
-4.432041726455180353e-01
-4.491032844376068311e-01
-4.550775421959078471e-01
-4.611258322486632144e-01
-4.672518980862683247e-01
-4.734659027660476083e-01
-4.797574828089626875e-01
-4.861249601933629316e-01
-4.925840746662704106e-01
-4.991205955509313008e-01
-5.057371288811877141e-01
-5.124580684129045327e-01
-5.192653982319266337e-01
-5.261451874348939128e-01
-5.331125106359029253e-01
-5.401764628371092947e-01
-5.473451324640873361e-01
-5.546127666971916170e-01
-5.619701298874152373e-01
-5.694095762264310689e-01
-5.769336192109133510e-01
-5.845682009637179766e-01
-5.923067425335444280e-01
-6.001288774598996234e-01
-6.080634806173434992e-01
-6.161355011324645137e-01
-6.242949186877466694e-01
-6.325227647065645442e-01
-6.408753727120235499e-01
-6.493521713974642617e-01
-6.579312502052506728e-01
-6.666210795043692183e-01
-6.754167164326507766e-01
-6.843326360567336675e-01
-6.933699623327663764e-01
-7.025163055352484642e-01
-7.117995369495382363e-01
-7.212095579441701876e-01
-7.307228934549618860e-01
-7.403447760025146929e-01
-7.500694813854594800e-01
-7.599342863258600200e-01
-7.699487020380447744e-01
-7.800804937776085746e-01
-7.903430272886716734e-01
-8.007357405152395469e-01
-8.112637447157080572e-01
-8.219478117519509741e-01
-8.327766913261113180e-01
-8.437313701956870027e-01
-8.548138739363686511e-01
-8.660283564127870815e-01
-8.773803560057823470e-01
-8.889028068523441295e-01
-9.005842768773080209e-01
-9.123952974960274354e-01
-9.243700224489965755e-01
-9.365009752501691764e-01
-9.487601708043543747e-01
-9.611959513183745418e-01
-9.738159162924969747e-01
-9.865687867402403999e-01
-9.994636454530216874e-01
-1.012533189679445833e+00
-1.025782339217934158e+00
-1.039222180920094551e+00
-1.052819980724436499e+00
-1.066557947001627538e+00
-1.080496808040914303e+00
-1.094648314934885347e+00
-1.108959136789415378e+00
-1.123412055317304148e+00
-1.138072064512639425e+00
-1.152941834074864280e+00
-1.167970355463915144e+00
-1.183196111740452805e+00
-1.198636073118964696e+00
-1.214262044730510581e+00
-1.230054895709173701e+00
-1.246058332854556916e+00
-1.262312377772381700e+00
-1.278747748685895580e+00
-1.295371536447469829e+00
-1.312243743703374044e+00
-1.329334504164791486e+00
-1.346628369482339105e+00
-1.364117044266746515e+00
-1.381793550341893440e+00
-1.399731260156551693e+00
-1.417927349261870251e+00
-1.436304547136686205e+00
-1.454913233342727930e+00
-1.473799674007452820e+00
-1.492911909506836610e+00
-1.512253023861630075e+00
-1.531843684484399226e+00
-1.551657655566562433e+00
-1.571735010492739226e+00
-1.592079069503124389e+00
-1.612642397736084643e+00
-1.633491082642235526e+00
-1.654629823797399535e+00
-1.675992730683455889e+00
-1.697645495991824349e+00
-1.719595502084877214e+00
-1.741769490788025454e+00
-1.764242538998380905e+00
-1.787036439126411747e+00
-1.810078857144547193e+00
-1.833383149354566699e+00
-1.856993041859710925e+00
-1.880903000325112595e+00
-1.905073859258383351e+00
-1.929579034249198521e+00
-1.954425529683629925e+00
-1.979520121943847411e+00
-2.004933654982187008e+00
-2.030704142017359715e+00
-2.056817410228951370e+00
-2.083264527526216714e+00
-2.109949166919708574e+00
-2.136942498326555473e+00
-2.164377597112665530e+00
-2.192181301891442224e+00
-2.220275725361338548e+00
-2.248689871393770634e+00
-2.277455109176222514e+00
-2.306567876945697648e+00
-2.336071871444398873e+00
-2.365981766157281285e+00
-2.396232562704525559e+00
-2.426810074638076298e+00
-2.457734992049029898e+00
-2.489045717809415414e+00
-2.520815652805339369e+00
-2.553041535056622457e+00
-2.585568621916490173e+00
-2.618428498312324937e+00
-2.651817763570476494e+00
-2.685623692881734748e+00
-2.719763716429544509e+00
-2.754366927581467728e+00
-2.789386716418804202e+00
-2.824803467367408949e+00
-2.860683149366392453e+00
-2.896959879062487087e+00
-2.933674959637464941e+00
-2.970932667529921911e+00
-3.008605779638223510e+00
-3.046657893258955863e+00
-3.085212709849648238e+00
-3.124249776547621149e+00
-3.163781455274249144e+00
-3.203827970287866034e+00
-3.244349139363932100e+00
-3.285347810148443681e+00
-3.326833180354210828e+00
-3.368813987650535413e+00
-3.411263779269793073e+00
-3.454245532653791528e+00
-3.497809027271298721e+00
-3.541871757334331683e+00
-3.586479757444100525e+00
-3.631674303201793741e+00
-3.677381732247071433e+00
-3.723581713342562161e+00
-3.770304182848143615e+00
-3.817640727571611325e+00
-3.865584403282572801e+00
-3.914057185687507712e+00
-3.963147725401285015e+00
-4.012897097146584713e+00
-4.063213972348686198e+00
-4.114042770906255697e+00
-4.165438952882828616e+00
-4.217539667340007625e+00
-4.270307606469113004e+00
-4.323632515265555476e+00
-4.377576772365378233e+00
-4.432223395608271943e+00
-4.487518315777887068e+00
-4.543460381427872896e+00
-4.600099576337372653e+00
-4.657388574905741763e+00
-4.715313073278460720e+00
-4.773918986072237303e+00
-4.833291002694018346e+00
-4.893408035592687888e+00
-4.954183577738636046e+00
-5.015629902047897382e+00
-5.077852019000056671e+00
-5.140875785274776177e+00
-5.204560465389882928e+00
-5.268950397561207311e+00
-5.334188697965743131e+00
-5.400161852013975583e+00
-5.466836116685993119e+00
-5.534406534888706375e+00
-5.602838922764002305e+00
-5.671934579442297952e+00
-5.741741376378187489e+00
-5.812489472620655739e+00
-5.884219652716283555e+00
-5.956679228954242511e+00
-6.029780837260304338e+00
-6.103822260172572456e+00
-6.178873338777335356e+00
-6.254727871789878435e+00
-6.331450311573960654e+00
-6.409134333707230624e+00
-6.487738167825691349e+00
-6.567249221607173837e+00
-6.647626575046756692e+00
-6.728843857779279070e+00
-6.810982313690693957e+00
-6.894196253367864458e+00
-6.978405544620251533e+00
-7.063504100758659199e+00
-7.149626262828470580e+00
-7.236715986990464700e+00
-7.324781081977663533e+00
-7.413988977614409670e+00
-7.504247353056881842e+00
-7.595451960223972065e+00
-7.687672419962621184e+00
-7.780927270569980791e+00
-7.875184701486123373e+00
-7.970616495739980323e+00
-8.067244590777978175e+00
-8.164882787181328538e+00
-8.263581948817304124e+00
-8.363361814009593331e+00
-8.464272248709535873e+00
-8.566448335752637533e+00
-8.669743160105165103e+00
-8.774164690687793922e+00
-8.879830502774691325e+00
-8.986683633260078352e+00
-9.094844557143737518e+00
-9.204154264137169861e+00
-9.314471381969413599e+00
-9.426186986574036197e+00
-9.539326666393623810e+00
-9.653649513049126440e+00
-9.769229827893212814e+00
-9.886119647970929236e+00
-1.000425665207011861e+01
-1.012367161778291091e+01
-1.024443893581123355e+01
-1.036655868153834348e+01
-1.048997242048148948e+01
-1.061476418147059775e+01
-1.074113824589805510e+01
-1.086895873302338522e+01
-1.099796186179440838e+01
-1.112841763809176321e+01
-1.126044909176072295e+01
-1.139392537403099759e+01
-1.152902043207250138e+01
-1.166554958906246320e+01
-1.180341911965955504e+01
-1.194285781250108514e+01
-1.208379735129681620e+01
-1.222625626277286592e+01
-1.237032363386052225e+01
-1.251592541397906899e+01
-1.266307333164853510e+01
-1.281185281112001917e+01
-1.296227132367266854e+01
-1.311428609256409317e+01
-1.326791150957035903e+01
-1.342333827558121406e+01
-1.358048188243152588e+01
-1.373910858215703001e+01
-1.389944688944906304e+01
-1.406177029563594161e+01
-1.422584789115793846e+01
-1.439146032556712029e+01
-1.455885413161313124e+01
-1.472805160896110444e+01
-1.489911421099447786e+01
-1.507214522395756084e+01
-1.524674031163284127e+01
-1.542318894943243102e+01
-1.560184785402555008e+01
-1.578215664970029231e+01
-1.596433479890473883e+01
-1.614882305088076464e+01
-1.633509295123507599e+01
-1.652305875113284372e+01
-1.671309919615867301e+01
-1.690517273676920951e+01
-1.709923329237381751e+01
-1.729540271057843626e+01
-1.749367607642738776e+01
-1.769403207514624654e+01
-1.789651047787467775e+01
-1.810096448588809182e+01
-1.830742312197415345e+01
-1.851606926851384216e+01
-1.872692482082777232e+01
-1.894007014169835657e+01
-1.915548957284964615e+01
-1.937307261211140741e+01
-1.959267934010119916e+01
-1.981446704420153893e+01
-2.003891108752046080e+01
-2.026584487412426938e+01
-2.049469178159780824e+01
-2.072568244412182281e+01
-2.095926543377816387e+01
-2.119495783490064511e+01
-2.143283822993775090e+01
-2.167370888785454497e+01
-2.191706087889309273e+01
-2.216256177310963693e+01
-2.241068774308466871e+01
-2.266117698965311433e+01
-2.291395826924568269e+01
-2.316942779371717620e+01
-2.342765321597127581e+01
-2.368855588022378100e+01
-2.395212463005713133e+01
-2.421811321717784793e+01
-2.448667489382632212e+01
-2.475818233851739691e+01
-2.503217057398268253e+01
-2.530859618272677380e+01
-2.558799580364999926e+01
-2.587034371167505142e+01
-2.615521859136492111e+01
-2.644257040011063253e+01
-2.673300392899485445e+01
-2.702650550469279978e+01
-2.732249664290606361e+01
-2.762114103180391922e+01
-2.792291868678815447e+01
-2.822794218518166787e+01
-2.853574740758205763e+01
-2.884628579078409061e+01
-2.916005509111375105e+01
-2.947681678961262364e+01
-2.979646455949852069e+01
-3.011897828282265976e+01
-3.044430654303136308e+01
-3.077312477539411617e+01
-3.110532259923783727e+01
-3.144022303440054955e+01
-3.177816871746499316e+01
-3.211963321697941609e+01
-3.246426362791507358e+01
-3.281176447587195355e+01
-3.316246885673604794e+01
-3.351659141499597183e+01
-3.387390717685317298e+01
-3.423456333649353667e+01
-3.459910646866282491e+01
-3.496710578065689390e+01
-3.533792543970950817e+01
-3.571207698577645573e+01
-3.608975431500174125e+01
-3.647051535650750509e+01
-3.685452715216092656e+01
-3.724227154529447148e+01
-3.763391414949769853e+01
-3.802896498074365184e+01
-3.842692667914926119e+01
-3.882845271868391279e+01
-3.923422824125312758e+01
-3.964361417769979568e+01
-4.005605338497061041e+01
-4.047238409750806198e+01
-4.089270924693696685e+01
-4.131600859018620042e+01
-4.174312548743115059e+01
-4.217479203717383740e+01
-4.260938800661258341e+01
-4.304683246707685385e+01
-4.348868479925499031e+01
-4.393521578074020795e+01
-4.438577766126596202e+01
-4.483948822860429573e+01
-4.529659091900641954e+01
-4.575776551728709052e+01
-4.622259523565520567e+01
-4.669158911991871719e+01
-4.716501849948102887e+01
-4.764153445601829873e+01
-4.812209839385086951e+01
-4.860788949334121867e+01
-4.909695553926943745e+01
-4.958870223889692141e+01
-5.008475252474963213e+01
-5.058619320793679464e+01
-5.109198749177794241e+01
-5.160062408255794963e+01
-5.211333261924697524e+01
-5.263033826044275543e+01
-5.315089829417505740e+01
-5.367696027011950832e+01
-5.420809006890736015e+01
-5.474134839925990548e+01
-5.527761309019721381e+01
-5.581957606305699215e+01
-5.636648380484101750e+01
-5.691633845488263432e+01
-5.747032665929750550e+01
-5.802966051919178625e+01
-5.859299553002215077e+01
-5.916031300610686827e+01
-5.973233128433951578e+01
-6.030823071555187909e+01
-6.088810610154757796e+01
-6.147274909458395342e+01
-6.206146321545573841e+01
-6.265419865812474853e+01
-6.325151942136352545e+01
-6.385277866571267680e+01
-6.445839384573125130e+01
-6.506879327960523085e+01
-6.568367040702179338e+01
-6.630341648356065321e+01
-6.692740545716483780e+01
-6.755504518288935856e+01
-6.818695005064684267e+01
-6.882331374924366685e+01
-6.946404205060022718e+01
-7.010933736821091600e+01
-7.075907263974521300e+01
-7.141279179532304511e+01
-7.207058836049354511e+01
-7.273263479886441019e+01
-7.339957328459348673e+01
-7.407185209905370016e+01
-7.474767600990601579e+01
-7.542661142474574376e+01
-7.611086290920360398e+01
-7.680015206739305711e+01
-7.749353544238169889e+01
-7.819161171470973670e+01
-7.889300686663234785e+01
-7.959777266822344188e+01
-8.030791823219686876e+01
-8.102310561132536293e+01
-8.174279285899531544e+01
-8.246595252007885790e+01
-8.319216429100055166e+01
-8.392351711904682077e+01
-8.465962276307340062e+01
-8.539963238986749161e+01
-8.614470289501144862e+01
-8.689332684226347681e+01
-8.764479791186924729e+01
-8.840168870245580024e+01
-8.916325555355562926e+01
-8.992806324991195766e+01
-9.069729553425050028e+01
-9.147009190711145266e+01
-9.224667565686814896e+01
-9.302845338202831726e+01
-9.381382550487525407e+01
-9.460246170080110062e+01
-9.539559529145408590e+01
-9.619222769106202975e+01
-9.699204470305312498e+01
-9.779691966566021222e+01
-9.860610369347683957e+01
-9.941755166880376748e+01
-1.002328351527476542e+02
-1.010526961765227298e+02
-1.018760607450259812e+02
-1.027027667489808778e+02
-1.035322205165949185e+02
-1.043651760999642022e+02
-1.052027858634803010e+02
-1.060442325222746973e+02
-1.068881669248914932e+02
-1.077352267596019573e+02
-1.085862757359632553e+02
-1.094401654933320032e+02
-1.102962096015382798e+02
-1.111548245312693410e+02
-1.120173478178048043e+02
-1.128843214043773457e+02
-1.137541919296952244e+02
-1.146257082573260249e+02
-1.154993600575112112e+02
-1.163762819162634798e+02
-1.172561469750596217e+02
-1.181384163463124537e+02
-1.190236930469193339e+02
-1.199114614051898116e+02
-1.208014301578985226e+02
-1.216948552619910799e+02
-1.225910729946804736e+02
-1.234878811788901487e+02
-1.243846967076505194e+02
-1.252836997611418752e+02
-1.261873930496440863e+02
-1.270935566089477504e+02
-1.280003313326533885e+02
-1.289092242194352025e+02
-1.298182366436264488e+02
-1.307277634319402182e+02
-1.316404978248159523e+02
-1.325545860798710009e+02
-1.334701973703404860e+02
-1.343871696713487438e+02
-1.353028928550331784e+02
-1.362189729345763567e+02
-1.371383937912928275e+02
-1.380589909779149878e+02
-1.389777433302420206e+02
-1.398976336146243966e+02
-1.408205639832318354e+02
-1.417429332794814911e+02
-1.426636993750221620e+02
-1.435852718926867055e+02
-1.445064727475055122e+02
-1.454260230450548761e+02
-1.463461962206290821e+02
-1.472668545486332334e+02
-1.481870113895832048e+02
-1.491062574182353444e+02
-1.500235438473974625e+02
-1.509398128871834501e+02
-1.518554985466809910e+02
-1.527713337029689740e+02
-1.536870651193184187e+02
-1.545984011708820560e+02
-1.555069969364727456e+02
-1.564167050360317432e+02
-1.573234142185561950e+02
-1.582260919173722868e+02
-1.591276712642780637e+02
-1.600274950578775304e+02
-1.609260390431128087e+02
-1.618235514812800773e+02
-1.627162061910941588e+02
-1.636025386782806947e+02
-1.644871255036912316e+02
-1.653699453336498948e+02
-1.662466063591222110e+02
-1.671201452102968688e+02
-1.679914982033197930e+02
-1.688586042605131183e+02
-1.697231861050869952e+02
-1.705823605614178291e+02
-1.714350379812869107e+02
-1.722846120733898374e+02
-1.731307878782569105e+02
-1.739696231853652932e+02
-1.748012834946836449e+02
-1.756318399520689866e+02
-1.764574775159451576e+02
-1.772727044371950740e+02
-1.780833388360584593e+02
-1.788904150090239682e+02
-1.796905079147939261e+02
-1.804851233870882936e+02
-1.812745700589073294e+02
-1.820559226884273016e+02
-1.828281436684241612e+02
-1.835914465210240110e+02
-1.843481637365152039e+02
-1.851002928090099999e+02
-1.858449964719257252e+02
-1.865797950940698513e+02
-1.873035006468895460e+02
-1.880202729466967355e+02
-1.887338801624986502e+02
-1.894392477637173045e+02
-1.901312043735998714e+02
-1.908119058921509463e+02
-1.914861741758739697e+02
-1.921521152676051258e+02
-1.928105315209714945e+02
-1.934598393059502826e+02
-1.940918824144582118e+02
-1.947135900725205033e+02
-1.953310633287077565e+02
-1.959363864347955655e+02
-1.965290177954547062e+02
-1.971123079987928577e+02
-1.976839476363331869e+02
-1.982437403390432280e+02
-1.987933239724575003e+02
-1.993331741194081701e+02
-1.998607093520471665e+02
-2.003725447791583179e+02
-2.008757854767741264e+02
-2.013715438698714024e+02
-2.018493935662563388e+02
-2.023108455971422472e+02
-2.027598467367715784e+02
-2.031959464890402103e+02
-2.036215871342031107e+02
-2.040367708217297320e+02
-2.044383063215152276e+02
-2.048252153982944606e+02
-2.051988551413227810e+02
-2.055597343999717168e+02
-2.059068602413567532e+02
-2.062384740846520117e+02
-2.065529778289963758e+02
-2.068498816820130344e+02
-2.071344580476018109e+02
-2.074102626607574109e+02
-2.076715265036372955e+02
-2.079135626598906015e+02
-2.081413487822391630e+02
-2.083595985803668214e+02
-2.085613331668854755e+02
-2.087462901934859758e+02
-2.089177718387781226e+02
-2.090689366118197654e+02
-2.092021442495747863e+02
-2.093233087294310053e+02
-2.094302826295994180e+02
-2.095204104464372961e+02
-2.095957010215535945e+02
-2.096610264555399112e+02
-2.097114712404364809e+02
-2.097382856931368451e+02
-2.097502830604780684e+02
-2.097564178750296833e+02
-2.097410488022805453e+02
-2.096971332119359204e+02
-2.096448046164226184e+02
-2.095883564516103093e+02
-2.095118430070707518e+02
-2.094141032542968333e+02
-2.093015739864604257e+02
-2.091719239710734541e+02
-2.090239186664809949e+02
-2.088661449960333698e+02
-2.087019566831957036e+02
-2.085185975544087569e+02
-2.083118906240767956e+02
-2.080938616606525784e+02
-2.078664060112196239e+02
-2.076187182735956185e+02
-2.073474079474707992e+02
-2.070632259723391826e+02
-2.067801571274744674e+02
-2.064881362110751297e+02
-2.061659172555729356e+02
-2.058290752330955229e+02
-2.054908980397765390e+02
-2.051372431058449024e+02
-2.047682677813673990e+02
-2.043824894807140140e+02
-2.039798059618416914e+02
-2.035699662445268245e+02
-2.031522932407260100e+02
-2.027258954567321325e+02
-2.022739108275729336e+02
-2.017840840006868461e+02
-2.012823735830684768e+02
-2.007746030470273695e+02
-2.002470351843722369e+02
-1.997096127540669386e+02
-1.991683227307478887e+02
-1.986170409723100647e+02
-1.980480374619287431e+02
-1.974650942169460563e+02
-1.968812258910168111e+02
-1.962907363990597105e+02
-1.956859822915373570e+02
-1.950725011857790037e+02
-1.944551352885837900e+02
-1.938310912966647379e+02
-1.931992217644921084e+02
-1.925621630263245265e+02
-1.919216446706187753e+02
-1.912813856369779728e+02
-1.906348856898594590e+02
-1.899820189425136050e+02
-1.893314828631455953e+02
-1.886768799777742061e+02
-1.880151802396913467e+02
-1.873518931103794785e+02
-1.866906767927122814e+02
-1.860329958352353970e+02
-1.853786616193592636e+02
-1.847271954144459869e+02
-1.840704584554061398e+02
-1.834132448311785879e+02
-1.827693695904963533e+02
-1.821272955799458941e+02
-1.814843673633311028e+02
-1.808427183253212434e+02
-1.802054297959315932e+02
-1.795925526949241657e+02
-1.789788580805119977e+02
-1.783563510561064049e+02
-1.777608572209684894e+02
-1.771714636865475541e+02
-1.765772193312830041e+02
-1.760063510022024502e+02
-1.754535808736290505e+02
-1.748994745059440561e+02
-1.743404539171889951e+02
-1.737982383842762601e+02
-1.732897750207600325e+02
-1.727938126294985750e+02
-1.723005887720223654e+02
-1.718235163455148609e+02
-1.713576180717421948e+02
-1.709007921978639502e+02
-1.704563342673168904e+02
-1.700273950371931164e+02
-1.696206649296524915e+02
-1.692252859190194272e+02
-1.688411427120821031e+02
-1.684751802226317636e+02
-1.681268946917380163e+02
-1.678030614282100714e+02
-1.674927399317781465e+02
-1.671822774756791432e+02
-1.668917787413048472e+02
-1.666361027337592873e+02
-1.663905942672503215e+02
-1.661514910271855001e+02
-1.659375082622486275e+02
-1.657292577826045772e+02
-1.655252437197106588e+02
-1.653583550914947295e+02
-1.652231126141062418e+02
-1.650877788369794530e+02
-1.649567382710685024e+02
-1.648616528067124705e+02
-1.647939898314323841e+02
-1.647276250500489141e+02
-1.646762714182390255e+02
-1.646448368682998193e+02
-1.646163736335947760e+02
-1.646022096404429362e+02
-1.646090517232797765e+02
-1.646277927077261438e+02
-1.646616665889305295e+02
-1.647004875031243500e+02
-1.647522255572778818e+02
-1.648357127123629766e+02
-1.649229582868789521e+02
-1.650136859083345939e+02
-1.651321003927433821e+02
-1.652574090730487910e+02
-1.653888640397938161e+02
-1.655346191747664193e+02
-1.656805206012469398e+02
-1.658350887434806396e+02
-1.659925554923495383e+02
-1.661746662998945112e+02
-1.663536830124921266e+02
-1.664524811065011249e+02
-1.668317704340571481e+02
-1.677412650186450378e+02
-1.685575165753461988e+02
-1.688944126642668948e+02
-1.690881474852777160e+02
-1.693287455027264627e+02
-1.695834951914233670e+02
-1.698452801476581726e+02
-1.700772940140939795e+02
-1.702745544363298791e+02
-1.704941702371580163e+02
-1.707330850785325538e+02
-1.709553952871002025e+02
-1.711709705388315115e+02
-1.713698238816344883e+02
-1.715363275609248035e+02
-1.716930600987135449e+02
-1.718452575517007404e+02
-1.719710379580133690e+02
-1.720379549465164928e+02
-1.720554763995836538e+02
-1.720572320614776345e+02
-1.720312142884840796e+02
-1.719881082244070853e+02
-1.719260122066489203e+02
-1.717817030610520419e+02
-1.715536979578658361e+02
-1.712849396098797570e+02
-1.709687942771961957e+02
-1.705927408889210710e+02
-1.701607660838134279e+02
-1.696711031582670444e+02
-1.690890381401350737e+02
-1.684047810675937171e+02
-1.676802810567297684e+02
-1.669110645002642173e+02
-1.660285590275742038e+02
-1.650239556239873764e+02
-1.639345527010474370e+02
-1.627652221837273601e+02
-1.614896580253742968e+02
-1.601244647333096509e+02
-1.586658100376148468e+02
-1.570672052919021553e+02
-1.553536225974048648e+02
-1.535428011510113038e+02
-1.516009717840205440e+02
-1.495282721954044973e+02
-1.473445785697016390e+02
-1.450583010915083833e+02
-1.426377890875007779e+02
-1.400610335274866429e+02
-1.373576014640219682e+02
-1.345470318973085568e+02
-1.316038552515321953e+02
-1.284927045600295514e+02
-1.252321012612899267e+02
-1.218589854194311783e+02
-1.183487478143753151e+02
-1.146788500953255152e+02
-1.108776277466305373e+02
-1.069720911760799709e+02
-1.029489505488372743e+02
-9.874033297783341823e+01
-9.435314670363436562e+01
-8.987958383588284050e+01
-8.530706224583627773e+01
-8.059250449416072115e+01
-7.574095109705388040e+01
-7.074358476031443388e+01
-6.564379430219150890e+01
-6.044800316643568294e+01
-5.508888493791914698e+01
-4.958333030154119569e+01
-4.401105711756508754e+01
-3.838503538055499575e+01
-3.261673272811060542e+01
-2.670588420664557816e+01
-2.073815701195451311e+01
-1.470194621412827019e+01
-8.563616282262159984e+00
-2.336327246508631106e+00
3.967547786371142138e+00
1.035491988930255047e+01
1.680865800344247418e+01
2.330751732324972636e+01
2.985400325552370759e+01
3.645930416119978190e+01
4.312164448849148357e+01
4.980866254816555738e+01
5.652008866956691691e+01
6.327229657697381526e+01
7.003933295917897794e+01
7.680658305707629552e+01
8.358977762453173455e+01
9.037794805809386389e+01
9.715551921900964771e+01
1.039204700089679818e+02
1.106638342521700338e+02
1.173820984123742051e+02
1.240724869693270875e+02
1.307254076151151594e+02
1.373192836165381436e+02
1.438500874079893492e+02
1.503317732384252849e+02
1.567390259693358985e+02
1.630478216544096881e+02
1.692809328102540007e+02
1.754344452970486259e+02
1.814693820084765434e+02
1.873864005825602135e+02
1.931916752166355877e+02
1.988666749514596859e+02
2.044028787991230161e+02
2.098065184705048978e+02
2.150938261812854080e+02
2.201892620908397475e+02
2.250602544395999871e+02
2.298354207817990300e+02
2.344434808150747926e+02
2.387656445515010546e+02
2.429228493996071165e+02
2.469401464524966627e+02
2.507698654638086850e+02
2.544058357334004086e+02
2.577770557371209748e+02
2.609065729787474766e+02
2.638750250135558417e+02
2.666574007285682342e+02
2.692100601830412074e+02
2.715142134585170766e+02
2.735621442399260559e+02
2.753590987262508634e+02
2.769078932077989634e+02
2.782711723425682067e+02
2.794726684887597230e+02
2.804251243863234322e+02
2.810953948769354156e+02
2.815601843267882032e+02
2.818647295184671293e+02
2.819521603519603445e+02
2.818181384711717783e+02
2.815110982279251175e+02
2.810545576527425169e+02
2.804262244477504282e+02
2.795957817042881857e+02
2.786047718376566422e+02
2.774567094801891471e+02
2.761840118784836022e+02
2.748447222361203330e+02
2.733961114264448042e+02
2.718384668434676996e+02
2.701709081355857052e+02
2.684250932957522195e+02
2.666949633087358507e+02
2.649436220599945955e+02
2.631259387474590312e+02
2.613198882682368662e+02
2.595816779825092908e+02
2.578837458785641843e+02
2.562479799556149942e+02
2.546896980970348068e+02
2.532167406767412672e+02
2.519026646768337514e+02
2.507414365697481458e+02
2.497002465162706812e+02
2.488273003634400311e+02
2.482146947492037725e+02
2.478858516076544447e+02
2.477828100036813339e+02
2.478886013074580319e+02
2.482370201725221364e+02
2.489033509578445091e+02
2.499405684936594980e+02
2.513350563199977046e+02
2.530887905838772554e+02
2.551931434841103510e+02
2.575861554102168043e+02
2.603071664415239752e+02
2.634322789142270835e+02
2.669213666593561243e+02
2.708201630978534808e+02
2.752175292724905944e+02
2.799994150045233710e+02
2.850302011774070365e+02
2.903923383664543394e+02
2.962142438162858298e+02
3.024117922151704079e+02
3.088718213120779978e+02
3.156822549890301275e+02
3.228316487024715116e+02
3.301908710189231897e+02
3.378715399850971153e+02
3.459631690438080796e+02
3.542477759355455191e+02
3.625968303440413933e+02
3.711709393857894383e+02
3.800831200825904830e+02
3.891873177669129973e+02
3.983378746628690124e+02
4.076045026623896206e+02
4.170498786153083302e+02
4.265585332817838662e+02
4.360319982430574441e+02
4.455642422667753522e+02
4.551180010664720612e+02
4.645453671729434859e+02
4.739021100375157971e+02
4.832511116106003328e+02
4.924873108478035419e+02
5.014986692243753055e+02
5.103523475553922708e+02
5.190240649825417449e+02
5.274649031474434651e+02
5.356987789579380888e+02
5.434941628474455229e+02
5.508706998246425428e+02
5.580442894018756306e+02
5.648093294498202113e+02
5.710743860779504075e+02
5.769439578063108911e+02
5.823422365883542398e+02
5.872565107100629120e+02
5.917057145623318775e+02
5.956246356497630359e+02
5.989704974316919106e+02
6.018151809183316345e+02
6.042159524571538896e+02
6.060608824663655696e+02
6.073218356338835520e+02
6.080927451127889753e+02
6.084297003239843207e+02
6.083116452198707975e+02
6.076910741886206324e+02
6.066194284357935658e+02
6.051880057384943257e+02
6.034184287350300337e+02
6.012886785620721639e+02
5.988281537335388975e+02
5.960626138630891546e+02
5.930527497889113420e+02
5.898998845908239446e+02
5.865600041478985531e+02
5.830280422179447442e+02
5.794423237038057550e+02
5.758605060850513837e+02
5.722300414167596045e+02
5.685469883422949806e+02
5.649302832416918818e+02
5.614655751423997572e+02
5.581624313075813006e+02
5.550462689888831846e+02
5.521243259406692232e+02
5.494383781517238958e+02
5.470779930882620192e+02
5.450970257396618308e+02
5.435101034483442390e+02
5.423083994796613752e+02
5.415220226145431752e+02
5.412451008284450609e+02
5.415492407263219548e+02
5.423562598254886780e+02
5.436140261141632664e+02
5.454717501581850456e+02
5.479823744751016648e+02
5.510521311844929642e+02
5.546716284681947400e+02
5.588598878468693556e+02
5.635800342993048844e+02
5.688296901713025591e+02
5.745695935220531965e+02
5.807180082913619117e+02
5.873577127448842248e+02
5.944372543561280509e+02
6.017094666813826507e+02
6.092728724646465253e+02
6.172183358104769013e+02
6.252332345999714107e+02
6.332120657703299003e+02
6.413587133158051756e+02
6.496552014860448026e+02
6.579036199676130536e+02
6.660358938390542107e+02
6.739717869261081660e+02
6.816534174514094957e+02
6.892019999575426255e+02
6.965171931991596921e+02
7.033733643075333930e+02
7.098498650382853157e+02
7.159027381896826228e+02
7.214011613670568295e+02
7.264703784944764493e+02
7.310383363764717615e+02
7.349423686081386222e+02
7.382294068975533037e+02
7.409051269170618070e+02
7.429492612799076596e+02
7.444407834307935445e+02
7.453315339565569957e+02
7.454714033037816989e+02
7.449928610480128555e+02
7.440192150300528056e+02
7.424930541622709370e+02
7.404936143564526674e+02
7.380168484451512541e+02
7.350586473943646979e+02
7.318461920501154054e+02
7.284405843118518078e+02
7.247366398924225450e+02
7.208242656642803468e+02
7.168573032969878795e+02
7.128690001199684048e+02
7.088733138691118256e+02
7.049750111859517574e+02
7.012983166370269146e+02
6.978514314110116175e+02
6.946780159961587060e+02
6.917991368405776029e+02
6.891901678743574848e+02
6.870483384642795954e+02
6.854846680084813215e+02
6.844269513058304710e+02
6.838364998904523873e+02
6.836806320366458749e+02
6.840859567106616623e+02
6.851034236997404605e+02
6.866039886622854738e+02
6.886194199260426103e+02
6.912402543785568696e+02
6.943746584345676638e+02
6.978917339980446286e+02
7.018804367163533016e+02
7.062979886145750470e+02
7.109234338017834034e+02
7.158079143435932110e+02
7.209271294085879163e+02
7.261280816593658756e+02
7.314217206993819218e+02
7.367051117750560252e+02
7.418638146844175481e+02
7.468743510767928910e+02
7.516962798700633357e+02
7.562488687939530791e+02
7.603486100179254663e+02
7.640004941484021401e+02
7.673109927434857127e+02
7.701741680059324153e+02
7.724656418017275428e+02
7.741889463665268067e+02
7.754545418857481991e+02
7.762635437383106591e+02
7.764583376201717329e+02
7.761044271227348190e+02
7.753486328849089659e+02
7.741065938397694026e+02
7.723536202374662025e+02
7.702838394613912669e+02
7.679612387725064764e+02
7.653376692049854455e+02
7.625128566517034869e+02
7.594607719883864547e+02
7.561840309977000061e+02
7.529157412916068779e+02
7.497240850047093090e+02
7.465675650508322860e+02
7.435407316948649168e+02
7.408137356613242446e+02
7.383689423757585928e+02
7.361216443789835466e+02
7.342382583309208712e+02
7.327803711245207978e+02
7.316918963330808765e+02
7.310420490304677514e+02
7.308542762755856756e+02
7.311502152795098937e+02
7.318527017088233606e+02
7.328695440113242512e+02
7.342781320034505370e+02
7.360562059305776756e+02
7.381181069165696726e+02
7.403845202271170365e+02
7.427549931748053496e+02
7.452111905087551804e+02
7.477022786416459894e+02
7.501459387202310154e+02
7.524813581618597027e+02
7.546390173926555462e+02
7.565916107017537797e+02
7.582856530885906068e+02
7.596555211197438666e+02
7.607070245099762360e+02
7.614598656726567469e+02
7.618991461934444942e+02
7.619618194573891969e+02
7.615973464534320101e+02
7.608570299777188666e+02
7.598011468891590994e+02
7.584139038761147731e+02
7.567224795087411167e+02
7.547771961119045727e+02
7.525792469117726569e+02
7.501964233493384882e+02
7.477178891303301498e+02
7.451728599182001744e+02
7.426269601314074862e+02
7.400958853221088702e+02
7.376226563297475423e+02
7.353854398813148237e+02
7.333795605239663473e+02
7.315544015540735927e+02
7.299968566857861560e+02
7.287342092911592317e+02
7.277372091176139293e+02
7.269490833000963903e+02
7.264142126075748820e+02
7.261415434822195039e+02
7.260094619969001997e+02
7.260720585697879415e+02
7.263376609781037132e+02
7.266866645192419583e+02
7.271452792859352030e+02
7.276714355580979827e+02
7.281530871004573555e+02
7.286018136228042295e+02
7.289790137101026630e+02
7.291774553195076578e+02
7.291971647068205584e+02
7.290264845421625068e+02
7.285869253314200478e+02
7.279081897248230462e+02
7.270302818202657136e+02
7.258985356478067388e+02
7.245330438088905112e+02
7.230160649526019370e+02
7.213344944107724359e+02
7.194657156023181415e+02
7.174701300515034745e+02
7.154258728586014513e+02
7.133602334042666371e+02
7.112509204844691340e+02
7.091253432623942672e+02
7.070817762677726250e+02
7.051393208936075325e+02
7.032902418635325148e+02
7.015916963165234392e+02
7.000288392608872527e+02
6.985729477096947448e+02
6.972966763586616707e+02
6.962445955680194629e+02
6.953111186581054426e+02
6.944175293834177864e+02
6.936109663997065127e+02
6.928920502454036523e+02
6.922072357633056754e+02
6.915016933429373012e+02
6.907484898204635329e+02
6.899347906394857546e+02
6.890327747975326247e+02
6.880759022840929902e+02
6.870420230825544650e+02
6.858570073845887691e+02
6.845741974631788480e+02
6.832001153065982635e+02
6.816479909886463702e+02
6.799370728376833313e+02
6.781644444128013447e+02
6.763475254942604806e+02
6.744462350559103925e+02
6.724955718940370843e+02
6.705193513645981511e+02
6.685397654124888049e+02
6.666057375792568109e+02
6.647222105149363642e+02
6.629225699940575396e+02
6.611713067013181444e+02
6.594388227746524080e+02
6.578123907698569610e+02
6.562855859136807339e+02
6.547999210642969956e+02
6.533390533210724698e+02
6.519368964132643214e+02
6.506169551313789725e+02
6.492945162575493896e+02
6.479316492562708163e+02
6.465400054118175603e+02
6.450928050303803047e+02
6.435853305568681435e+02
6.420361716372751744e+02
6.404331993272859336e+02
6.387460363472208655e+02
6.369905985575218210e+02
6.351990204242465552e+02
6.333997388602580259e+02
6.315908910707680661e+02
6.297192485777998172e+02
6.277781153342339167e+02
6.258261494316169546e+02
6.238792710920968148e+02
6.219029207041822929e+02
6.199466545817147107e+02
6.180951618445310487e+02
6.163051927868323219e+02
6.145344918570813206e+02
6.128011703273500643e+02
6.110492403207852021e+02
6.092702210988098841e+02
6.075325575582073725e+02
6.058438014328295367e+02
6.041377264224704504e+02
6.023860217428381247e+02
6.006427689294837364e+02
5.988986268643930089e+02
5.971357252997493106e+02
5.953562452382399215e+02
5.935101430960526159e+02
5.916021806705012978e+02
5.896900896912782173e+02
5.877746809463590125e+02
5.858403520012227546e+02
5.838750110229775601e+02
5.818754197902485430e+02
5.799180593446380954e+02
5.780054902360051301e+02
5.760818442004666622e+02
5.741504635919501425e+02
5.721889261840051404e+02
5.702469085101209885e+02
5.683740621116719467e+02
5.665258478621062750e+02
5.646700912731636208e+02
5.627872825268572115e+02
5.609040135864945569e+02
5.590100375034880926e+02
5.571063293556292138e+02
5.551997601562605951e+02
5.532274248842338693e+02
5.512833825175930542e+02
5.494182689485672881e+02
5.474935491250564610e+02
5.455080838671566426e+02
5.435255960118914800e+02
5.415016132015796302e+02
5.394831965155835860e+02
5.375481268371939905e+02
5.355920504275023859e+02
5.335928538322634722e+02
5.316575367350303623e+02
5.297290785304910514e+02
5.277467975781069072e+02
5.257611898030859265e+02
5.237854816832947336e+02
5.218255919121257875e+02
5.198636625165145233e+02
5.178937031831087552e+02
5.159631248748326016e+02
5.140340463136268454e+02
5.120632351548225643e+02
5.100830340650131802e+02
5.080862907925317131e+02
5.060784755980185992e+02
5.041039072667404071e+02
5.021769404554456742e+02
5.002183072531337302e+02
4.981841447723154488e+02
4.961741595406330703e+02
4.941724941719326125e+02
4.921789108867808409e+02
4.902766944989347166e+02
4.883533788473963000e+02
4.863356599865065277e+02
4.843361397574201987e+02
4.823924273687113100e+02
4.804401564531817712e+02
4.784855117713107120e+02
4.765368543323213544e+02
4.745608556849889510e+02
4.725929014727111621e+02
4.706324471249999988e+02
4.686299292504602363e+02
4.666284277989472571e+02
4.646932075108684330e+02
4.627594525316221734e+02
4.607699890885800755e+02
4.588069011271169870e+02
4.569060832704928998e+02
4.549553971660730554e+02
4.529138974971615994e+02
4.509657147267641335e+02
4.491058681630297542e+02
4.471285147452109641e+02
4.451295303171926321e+02
4.432244290156417605e+02
4.412787759451129546e+02
4.393007678886860958e+02
4.374054541747822782e+02
4.354805216847052520e+02
4.334747533794885044e+02
4.315475655708362410e+02
4.296443141945482580e+02
4.276960280808953030e+02
4.258054839088761696e+02
4.238879580945728662e+02
4.219179074417450011e+02
4.200135270658940954e+02
4.181509678471178404e+02
4.162213561093548719e+02
4.142252336418613368e+02
4.123247880538250456e+02
4.105276903967057365e+02
4.086583764294271077e+02
4.067009871906943772e+02
4.047786915874078204e+02
4.029084769730276321e+02
4.010117090493813521e+02
3.991134392082086606e+02
3.972941653523695322e+02
3.954269180937370720e+02
3.935140677794832982e+02
3.916865811656019787e+02
3.897452439981501016e+02
3.877713756387351509e+02
3.860156890391667730e+02
3.842239875237528963e+02
3.822951428765491073e+02
3.804059700240504185e+02
3.784791269016492379e+02
3.765691284004795989e+02
3.748314324781746905e+02
3.730601620597591364e+02
3.712136879397222629e+02
3.694272177914509712e+02
3.675559334507566405e+02
3.656720257415857986e+02
3.640076612720915250e+02
3.623456668601879755e+02
3.604366571103794286e+02
3.585200720317390051e+02
3.568086899510085459e+02
3.550805769593314380e+02
3.532689338664653746e+02
3.514820840986363919e+02
3.496627559092955266e+02
3.479059364583783918e+02
3.461338083663249563e+02
3.443287790209327568e+02
3.427080333246901205e+02
3.410077864132300078e+02
3.391255786660091758e+02
3.372734000677131689e+02
3.355198103622341819e+02
3.338864194412545885e+02
3.322164355121370818e+02
3.304339580386222792e+02
3.286784158372239517e+02
3.270010114427900021e+02
3.253147215052737238e+02
3.235767035231464206e+02
3.218777778540710983e+02
3.202235805735522831e+02
3.184723926828359026e+02
3.167059855692324390e+02
3.151125938072591453e+02
3.135318587610384498e+02
3.117962085211618728e+02
3.100818765598700679e+02
3.083722391839858119e+02
3.065941637237481814e+02
3.050346963755794150e+02
3.035142055733600728e+02
3.017038157616927947e+02
2.999981727933489992e+02
2.985121779968011992e+02
2.969208371157336614e+02
2.953192154577513975e+02
2.937550611268786724e+02
2.920599012544220159e+02
2.903896518538595046e+02
2.889157343207220947e+02
2.874183317884573512e+02
2.857017058093058495e+02
2.839611381150475040e+02
2.823973575458124401e+02
2.809310562687576294e+02
2.793728519060369422e+02
2.777007154619740277e+02
2.761358969709494886e+02
2.747096244119021549e+02
2.731965788029515352e+02
2.715965328353858013e+02
2.701003249806724398e+02
2.686195310092093678e+02
2.670107158033895871e+02
2.654535106434115619e+02
2.639697954386674041e+02
2.624597811510982410e+02
2.610255653707596935e+02
2.596090103065625385e+02
2.580630451424499370e+02
2.564994458796414278e+02
2.550453973027873928e+02
2.536050044233206506e+02
2.520849614115779787e+02
2.506077416195394676e+02
2.492524656628399100e+02
2.477677959382314441e+02
2.462282665445094096e+02
2.449227616111757015e+02
2.435408472718786186e+02
2.419627966641122612e+02
2.404736592460192242e+02
2.390656171173179416e+02
2.376841703628447249e+02
2.363446667111700492e+02
2.349585750169220546e+02
2.335063141758063807e+02
2.321325940346571883e+02
2.308023434264582647e+02
2.293946861769582313e+02
2.280570694758782793e+02
2.267468657656710320e+02
2.253516954884099448e+02
2.240101717522491356e+02
2.226437001743589121e+02
2.212654301020051548e+02
2.199599587141585459e+02
2.185956338893764723e+02
2.172656431990727981e+02
2.159849113032909145e+02
2.146920835028471402e+02
2.134128584100624266e+02
2.120599849192585964e+02
2.107182569823300753e+02
2.094673696253940989e+02
2.082023753816741305e+02
2.069390493394385828e+02
2.056661754837916192e+02
2.043035939239639731e+02
2.030033445717083396e+02
2.018314078410820969e+02
2.005849750564148906e+02
1.992703055071761469e+02
1.980813430455186506e+02
1.969346163728752117e+02
1.957121110629871623e+02
1.944792058802123620e+02
1.932287745247174087e+02
1.920244750769923314e+02
1.908590531030062323e+02
1.896071107186115796e+02
1.883750368189826645e+02
1.871929822718443859e+02
1.859704209930544607e+02
1.848176134102885726e+02
1.837189966230999971e+02
1.825259079244254110e+02
1.813560260190708107e+02
1.802546405167679495e+02
1.790662714987894049e+02
1.778710826226012784e+02
1.767571350179855187e+02
1.756282053680621118e+02
1.745015241646075310e+02
1.734324569682473509e+02
1.723220720983051422e+02
1.711433867061857654e+02
1.700295641912207429e+02
1.689854058080653658e+02
1.679042612482933237e+02
1.667881122576287112e+02
1.657005753404523887e+02
1.645816868278783147e+02
1.634380627628796390e+02
1.624286145688960232e+02
1.614759301221289718e+02
1.604315240590041753e+02
1.593331222128272202e+02
1.582473114611703124e+02
1.572433215075925546e+02
1.562454233185050043e+02
1.551711014263653965e+02
1.541130121020304671e+02
1.530917233614674160e+02
1.520649575000763605e+02
1.510294902009548252e+02
1.500202562750864672e+02
1.490873417601176527e+02
1.481706201499947042e+02
1.471603325078281443e+02
1.461236195690551654e+02
1.451552341570485396e+02
1.441981311909162287e+02
1.432032633403894124e+02
1.422502668357836058e+02
1.413891113564004058e+02
1.404460288781640713e+02
1.394053943129456741e+02
1.384472591339527696e+02
1.375575148367391307e+02
1.366624578980849662e+02
1.356920265845564018e+02
1.347083140177526275e+02
1.338502887959220971e+02
1.329802625396161488e+02
1.320158330769122870e+02
1.310799860837231563e+02
1.301737330255724885e+02
1.292778540742997677e+02
1.284340378013970394e+02
1.276198889200213955e+02
1.267503506441680514e+02
1.258553083763345910e+02
1.249998918216088413e+02
1.240901278118436721e+02
1.231815268105015377e+02
1.223871607859665431e+02
1.215941330619951657e+02
1.207426022313021861e+02
1.198811217854538285e+02
1.190174185927428425e+02
1.181770777311518827e+02
1.173796150318283651e+02
1.165836941461827507e+02
1.157799250320667142e+02
1.149807362527730135e+02
1.141649981108398606e+02
1.133437060736075352e+02
1.125408451399705143e+02
1.117646742699666902e+02
1.110080159242619118e+02
1.102052315511359240e+02
1.093889808651567535e+02
1.086367852855032794e+02
1.079027937916819724e+02
1.071349750483462486e+02
1.063727683069562460e+02
1.056426139842300245e+02
1.048576464408864126e+02
1.040529020817572814e+02
1.033529014003662070e+02
1.026753543798936050e+02
1.019207072497672755e+02
1.011601616374779553e+02
1.004215144178648416e+02
9.970650823380709937e+01
9.903931318469275880e+01
9.834948677533921568e+01
9.761925735472541987e+01
9.690890009170841779e+01
9.622478810471368149e+01
9.552354304155890929e+01
9.480364739818102748e+01
9.411940763887058381e+01
9.347220826797946813e+01
9.280539417882307873e+01
9.210450731393763135e+01
9.143930318957995951e+01
9.080994008926620609e+01
9.014126064384491599e+01
8.946250629778757002e+01
8.880556537827614250e+01
8.814417355160730949e+01
8.749543812554092881e+01
8.686452356470803693e+01
8.624632336181898040e+01
8.565002174182704664e+01
8.502752763606291353e+01
8.438210128923275022e+01
8.375265162204998148e+01
8.313736241224117407e+01
8.254817198622851038e+01
8.193398229034359304e+01
8.129623667467797077e+01
8.069597137380328888e+01
8.011152335693054738e+01
7.953194159181560963e+01
7.893717278656632175e+01
7.832353503020775065e+01
7.773289629872425621e+01
7.717364062181337658e+01
7.663105347499731579e+01
7.605713426389559118e+01
7.547383790583766938e+01
7.493183947582159021e+01
7.436886574946409212e+01
7.377700533607182365e+01
7.321991979254519833e+01
7.269357861134777465e+01
7.215663249293324100e+01
7.161447209948427428e+01
7.108695692409422406e+01
7.054305577420440443e+01
6.998394170340461073e+01
6.945391539390232083e+01
6.896116282930717034e+01
6.846419644916343827e+01
6.793132779917392838e+01
6.738476142243442268e+01
6.685639882527550526e+01
6.636555825997126590e+01
6.589473371537228275e+01
6.538749528837161051e+01
6.486875229617334071e+01
6.439488597217348342e+01
6.390270725770938043e+01
6.338740630933482123e+01
6.293101235801537285e+01
6.248397344768132911e+01
6.197644628902136787e+01
6.147435126480536383e+01
6.103534254938543313e+01
6.058586896666739108e+01
6.008071834968723124e+01
5.959303278160315642e+01
5.914918924085440466e+01
5.870019278203988478e+01
5.824660922297533006e+01
5.781347710038805587e+01
5.738593856158477990e+01
5.693769497841122984e+01
5.648341298886018080e+01
5.606050893678589375e+01
5.563809191188785519e+01
5.518804749208766225e+01
5.474123733940348302e+01
5.431791994991200312e+01
5.390624549140959942e+01
5.347491319422762501e+01
5.305545613807889538e+01
5.266160577958422095e+01
5.223735865366670339e+01
5.181671880903556371e+01
5.144277679652161339e+01
5.105782152551857678e+01
5.064023063729535323e+01
5.022566759935201475e+01
4.982004184604832631e+01
4.944032751919807822e+01
4.907014292683464873e+01
4.867094294215158357e+01
4.827962703468802630e+01
4.791269843058717726e+01
4.754568648352316274e+01
4.717461548921971115e+01
4.679668254148253226e+01
4.640497772110477825e+01
4.602910941342174311e+01
4.568413204735327326e+01
4.532476697875178218e+01
4.495848764773565165e+01
4.460623590650759240e+01
4.424510076844043738e+01
4.389070965407513825e+01
4.354512759342220818e+01
4.318767409827730575e+01
4.284851375768919013e+01
4.253729482253984173e+01
4.220504869848217311e+01
4.184067713618769346e+01
4.148163405426841877e+01
4.115838493114573282e+01
4.085487999662375103e+01
4.052671557041063721e+01
4.019099384738098735e+01
3.988101218275777882e+01
3.956319539020570630e+01
3.922145317820224619e+01
3.890943961138372487e+01
3.861828099111716739e+01
3.828154936347701209e+01
3.795255064599867012e+01
3.767769915587318508e+01
3.739711580139933034e+01
3.709796385652694539e+01
3.677218787442476611e+01
3.643676505226211759e+01
3.616297002729093890e+01
3.590011971694588766e+01
3.558322458101486063e+01
3.528762433435809243e+01
3.503898001516112970e+01
3.474729314593677287e+01
3.441895557701727881e+01
3.414614409438689080e+01
3.388599623350540213e+01
3.359873637924713563e+01
3.334683701997624183e+01
3.307967788110484264e+01
3.278364789376578159e+01
3.251503641710758075e+01
3.224268179522816524e+01
3.199543958046556114e+01
3.175242256981738720e+01
3.145886863110613874e+01
3.118713034490759384e+01
3.095214365703468218e+01
3.070324505710799912e+01
3.045515378553963615e+01
3.021684517263820879e+01
2.995062334750819844e+01
2.969076054137425658e+01
2.946767358928451586e+01
2.922089097473684305e+01
2.895499831745798147e+01
2.872343552598420757e+01
2.849924711314191939e+01
2.826498711484028092e+01
2.803330058176675266e+01
2.777970585223855693e+01
2.753611599593460824e+01
2.732454959157778518e+01
2.709865544038004970e+01
2.686343784883660391e+01
2.663376508330102865e+01
2.641813463829098652e+01
2.622265181649168042e+01
2.600509819366844511e+01
2.578148767235278171e+01
2.557335442105475920e+01
2.534339564492156782e+01
2.511533756697527053e+01
2.491515104947208670e+01
2.472062011416803529e+01
2.451030227156550367e+01
2.429286796690087158e+01
2.409573843039761698e+01
2.390447863231026560e+01
2.369527875458503985e+01
2.348180032557661079e+01
2.328465200375812572e+01
2.309831827277454508e+01
2.290634749659236391e+01
2.271143952286229606e+01
2.251704332031651390e+01
2.231845084610458585e+01
2.213153550476422993e+01
2.195821149152406804e+01
2.176850224852050886e+01
2.157347259345483792e+01
2.139602770948352628e+01
2.122088131833047697e+01
2.103996810515013749e+01
2.085410391183210166e+01
2.067091761663256477e+01
2.049718992638456427e+01
2.032950442601152119e+01
2.016131997918171237e+01
1.998588490282653396e+01
1.981663031015009935e+01
1.965176296902828312e+01
1.947352089164924038e+01
1.930178831686520979e+01
1.914590108931524526e+01
1.898368179660671018e+01
1.881917814742585904e+01
1.865601215226456588e+01
1.849571732646948519e+01
1.834242201961188456e+01
1.817794134964743336e+01
1.801164558995810339e+01
1.786598576220743340e+01
1.772668524374199350e+01
1.757214555718777405e+01
1.741113541684324417e+01
1.725770753692393811e+01
1.710925403000970135e+01
1.696472633471746150e+01
1.682176917633477586e+01
1.667821017884028123e+01
1.653315631779115336e+01
1.638349692529149948e+01
1.623786293989598661e+01
1.610237488342066925e+01
1.596609859136240317e+01
1.582590199924547569e+01
1.568625126677405390e+01
1.555126872859827358e+01
1.542059289906723762e+01
1.528705099062874240e+01
1.515393158542361718e+01
1.501893008995688561e+01
1.488125620036736940e+01
1.475395143909557483e+01
1.462949073515321530e+01
1.450174605570818720e+01
1.437550198496436415e+01
1.424573695133086382e+01
1.412238742636971089e+01
1.400848024371558509e+01
1.388818159066344116e+01
1.376023064498027537e+01
1.362984692287102284e+01
1.350649693881503310e+01
1.339784239086983142e+01
1.328951946073251200e+01
1.317095122098984561e+01
1.304643935307377056e+01
1.292553081710616247e+01
1.281780825092221043e+01
1.271207597110711163e+01
1.259796571219724193e+01
1.248509154045945913e+01
1.237755044680337058e+01
1.226688016317493535e+01
1.215430495209489692e+01
1.205147833254486933e+01
1.194989420110785616e+01
1.183615216638168555e+01
1.172693788897785971e+01
1.163003526425198686e+01
1.152966864114308088e+01
1.142803406309262826e+01
1.132755203555206691e+01
1.122481886121874872e+01
1.113047592575376576e+01
1.102939280733470007e+01
1.090365775856446184e+01
1.079673930766169399e+01
1.072585281090371723e+01
1.065470674395185746e+01
1.056757086915828836e+01
1.045297752480936637e+01
1.033742128842715502e+01
1.026320134148128815e+01
1.016846021433583047e+01
1.006324569724607798e+01
1.002822503516531860e+01
9.940034924488029944e+00
9.780973530990044296e+00
9.683707708493138000e+00
9.627620082729110962e+00
9.565518700963471233e+00
9.479817170574431628e+00
9.394036362346003699e+00
9.299255284570364211e+00
9.194060899820573951e+00
9.136054763731960904e+00
9.082624861184912746e+00
8.986564991477870024e+00
8.860467891300418231e+00
8.773631698155579528e+00
8.737293271668777450e+00
8.662509355275789247e+00
8.582684765731210419e+00
8.516341954255997493e+00
8.407456033141381013e+00
8.301394794545524647e+00
8.234730178169762382e+00
8.192589511585905981e+00
8.146432476305125903e+00
8.065439432231535477e+00
7.963981049483438213e+00
7.873089913388753303e+00
7.827708462876092455e+00
7.785915914295888030e+00
7.692870978188953046e+00
7.613818775339732170e+00
7.544575185683058294e+00
7.442851993692517709e+00
7.387513274686154929e+00
7.377151812640697415e+00
7.314960087414378087e+00
7.212267739818996048e+00
7.131899520193906383e+00
7.062398427649733357e+00
6.995047063451584890e+00
6.952515398951105041e+00
6.904116953033765824e+00
6.838915495544926060e+00
6.765822728228914507e+00
6.683746300229847392e+00
6.620711772133132555e+00
6.578242147329268263e+00
6.544809936845457976e+00
6.480633791433423774e+00
6.376821120820753031e+00
6.312460708109795426e+00
6.293835800932040314e+00
6.250303964081974861e+00
6.176955555276571808e+00
6.103827058931152294e+00
6.040423023384220436e+00
5.997690532915139094e+00
5.947806116370039753e+00
5.878625383331295140e+00
5.834033060940639004e+00
5.805703046256505573e+00
5.746345993645689987e+00
5.660822654849003044e+00
5.598948038403062988e+00
5.572144781601497954e+00
5.530997780097917094e+00
5.460337437251234327e+00
5.403539079623179475e+00
5.375792391654910851e+00
5.338322715827901632e+00
5.268315446557982007e+00
5.197661296878552939e+00
5.166647295000879936e+00
5.146686182788192454e+00
5.087111398906504434e+00
5.022253685583262239e+00
4.978464116698402719e+00
4.937875626604355972e+00
4.897491673103932186e+00
4.850076539785971974e+00
4.798004111984479181e+00
4.748412246021247896e+00
4.709439763025867975e+00
4.675433667986368391e+00
4.624591913716739278e+00
4.568854250552103480e+00
4.533269471716812937e+00
4.495126171062713283e+00
4.451418662041371377e+00
4.423624560434105568e+00
4.377378951090179271e+00
4.330877388884214696e+00
4.300497823698687938e+00
4.250033368056113758e+00
4.202654170924422949e+00
4.164608088705814559e+00
4.135989344733521200e+00
4.108601554742868700e+00
4.056973666909164500e+00
4.013047580508814605e+00
3.976766142795601144e+00
3.931885532639680214e+00
3.900190722482145045e+00
3.876910698012083323e+00
3.841329445100431172e+00
3.793684677434278729e+00
3.761748482658241244e+00
3.737542763098444798e+00
3.691100450503955521e+00
3.649270900469293810e+00
3.617648854957891569e+00
3.580334130339622334e+00
3.548020664675112901e+00
3.521289809648171065e+00
3.496710884152946175e+00
3.464418767288748757e+00
3.422065413388613031e+00
3.381578218853383611e+00
3.352291749868019366e+00
3.326143360735156485e+00
3.286970882449366638e+00
3.254770831288058108e+00
3.236129689153658617e+00
3.204960255965539240e+00
3.171913849228982230e+00
3.146015068937524806e+00
3.112305037963412513e+00
3.082859012702992008e+00
3.055505232225760093e+00
3.017955100446858552e+00
2.989252972143695786e+00
2.969593696580779429e+00
2.944267747665263890e+00
2.909465887014808683e+00
2.878377353933368799e+00
2.856042684579651603e+00
2.827717770249426721e+00
2.801934448351533380e+00
2.773093457258303918e+00
2.742658302378973456e+00
2.726012073220969167e+00
2.699285871681750937e+00
2.667017559506080104e+00
2.651189971027507308e+00
2.629028258396087558e+00
2.589579114407353444e+00
2.559002326184474541e+00
2.543088525543142797e+00
2.521106604596219380e+00
2.495969541721636986e+00
2.473175336732442275e+00
2.443945965088633709e+00
2.421680181540752042e+00
2.407457656509460087e+00
2.385514100404606541e+00
2.358502969789085135e+00
2.332653317705345231e+00
2.312639257826395234e+00
2.289158674357689272e+00
2.258980922545768877e+00
2.243747511397292893e+00
2.231772464290233238e+00
2.205035630660265422e+00
2.178990840084455538e+00
2.159462197328321675e+00
2.140773650307556952e+00
2.119167637033836371e+00
2.097795775189580603e+00
2.076620465801662263e+00
2.055948862201770311e+00
2.038807226678438944e+00
2.020625288321010515e+00
2.000276961435932144e+00
1.978601474621066503e+00
1.958785038254408972e+00
1.942158549855224514e+00
1.926448406808567437e+00
1.906656012081937579e+00
1.885739591309592900e+00
1.867635478654487979e+00
1.844538987341395098e+00
1.828216694191597602e+00
1.822398766508482204e+00
1.803205155396869763e+00
1.775375119476679808e+00
1.758875179537004119e+00
1.746453727712341530e+00
1.729512506832818763e+00
1.711102324105354011e+00
1.691634064245024494e+00
1.675775451148847850e+00
1.665316729376372651e+00
1.648162345194965850e+00
1.625004187884435902e+00
1.613987791010398354e+00
1.603560901512079973e+00
1.580501188947761371e+00
1.562264998475539457e+00
1.551467465433433057e+00
1.539612033024268412e+00
1.523797555040741880e+00
1.508058686533823911e+00
1.495365204384610847e+00
1.477821841900095912e+00
1.457554868865539976e+00
1.446370724483735826e+00
1.438055340020366168e+00
1.419960894645847072e+00
1.405849401240460095e+00
1.398540402336166943e+00
1.381059380151494098e+00
1.361818173542772348e+00
1.352676511464235176e+00
1.344560986843492456e+00
1.327472323658254183e+00
1.308429432482741239e+00
1.299351755016675547e+00
1.290922904746036659e+00
1.274406406152088778e+00
1.258946188225264828e+00
1.248396400008516149e+00
1.241278854726462377e+00
1.229261449867886880e+00
1.209643059244405849e+00
1.200039259228375954e+00
1.193019329040932108e+00
1.175980174838976211e+00
1.165028928339322700e+00
1.158183215292863277e+00
1.145602547642625257e+00
1.133146619582992232e+00
1.122163789126779943e+00
1.111062061256952394e+00
1.100357617382877740e+00
1.086913619936287434e+00
1.074973857639226260e+00
1.066941684333557738e+00
1.056918271398191944e+00
1.047435505671643563e+00
1.037781446874919355e+00
1.024409294634286205e+00
1.013116576751016629e+00
1.007560678569081825e+00
9.980273199862353950e-01
9.851458383650374406e-01
9.748082834950040354e-01
9.646667966968853758e-01
9.592794224010844362e-01
9.505250896716175291e-01
9.355997699316213057e-01
9.262741813200658925e-01
9.191501443943471683e-01
9.103546367098046543e-01
9.012385600899102123e-01
8.921953611627750913e-01
8.847006616577055560e-01
8.769232513999830614e-01
8.668384022659441079e-01
8.550007937910980571e-01
8.455142169501245197e-01
8.393161683148597785e-01
8.319450864131638923e-01
8.251313166859445269e-01
8.183307021014173399e-01
8.075204469053988143e-01
7.978030531835830219e-01
7.910648508815751878e-01
7.846211786561987367e-01
7.781658401438608097e-01
7.677585493919166781e-01
7.574274204764313012e-01
7.529265116059096208e-01
7.479494155660995069e-01
7.384881466171947517e-01
7.286671308752938891e-01
7.215720232720993499e-01
7.150294685996136934e-01
7.089659512702148891e-01
7.034119195405678093e-01
6.954115611821576337e-01
6.878989781054857255e-01
6.810245324101296127e-01
6.732129932867283451e-01
6.669323499449628656e-01
6.607238708532853222e-01
6.545056378558117283e-01
6.486512304876935753e-01
6.410325757153577664e-01
6.326481635804624970e-01
6.272459821107230216e-01
6.227825164954478021e-01
6.154744329000894076e-01
6.080058382723760868e-01
6.028615832550996423e-01
5.983239601314617184e-01
5.918424180833740111e-01
5.856109119799778329e-01
5.803567223723442581e-01
5.734544247545880769e-01
5.662185753673627531e-01
5.615237140245413761e-01
5.578798737615804360e-01
5.518611807927160662e-01
5.445414404418280618e-01
5.387701505752523490e-01
5.339904925991161289e-01
5.292815230432257323e-01
5.242806693822011921e-01
5.189055341091323159e-01
5.135779575894851012e-01
5.071859635398242583e-01
5.016936594751053580e-01
4.981898486455322850e-01
4.932448182632511169e-01
4.877710536460719282e-01
4.830598171271857089e-01
4.773342022869224710e-01
4.724489635893233674e-01
4.685817789494398644e-01
4.640206469505920861e-01
4.594217370453003157e-01
4.540967087937280988e-01
4.491438817386808613e-01
4.451594809076572234e-01
4.407337325026998709e-01
4.362116187239723497e-01
4.315780991534243771e-01
4.267909490991431687e-01
4.224994197875121538e-01
4.186112992675611322e-01
4.146327965032977625e-01
4.101001197158188338e-01
4.056925334141452399e-01
4.018772918801731819e-01
3.981563188934532649e-01
3.941064791069831541e-01
3.895862627227385522e-01
3.858550877354523512e-01
3.825590867028326736e-01
3.783237007783645245e-01
3.741061746507192698e-01
3.700818211253141810e-01
3.660857042014981078e-01
3.626232667129952736e-01
3.596519535915184140e-01
3.562236977783498348e-01
3.514067113134679010e-01
3.473674335331634611e-01
3.446453072797611150e-01
3.417621177062354354e-01
3.379501241196649630e-01
3.334099128215315955e-01
3.309292941773602226e-01
3.283885753235994964e-01
3.235666323322456406e-01
3.200607211337180291e-01
3.182208112551453971e-01
3.150140638534922322e-01
3.107852692693325314e-01
3.073692541145633395e-01
3.043852681189477272e-01
3.018970958783565028e-01
2.987401086442161846e-01
2.947134909176774009e-01
2.919412363415517242e-01
2.896459516669474543e-01
2.868443911824827275e-01
2.838417319839453001e-01
2.807103917136965499e-01
2.779163752595801284e-01
2.750152383884566509e-01
2.716629143958590453e-01
2.691093387972494644e-01
2.662205482211628116e-01
2.629038231994116348e-01
2.613801645806961282e-01
2.593638731228117833e-01
2.554956042340152944e-01
2.521719362985105906e-01
2.503135184773379041e-01
2.485460193240286164e-01
2.452513658488807702e-01
2.420125802459494047e-01
2.405281093172701168e-01
2.383565408470458002e-01
2.349048732096555292e-01
2.327859416893371947e-01
2.307226653339535249e-01
2.274180327810441382e-01
2.256588539472275667e-01
2.245022760710979615e-01
2.210974501134924108e-01
2.182513428719478898e-01
2.164034146744397424e-01
2.137353496825801225e-01
2.119039451650365224e-01
2.104632149140877595e-01
2.083426966129754976e-01
2.055708721005131967e-01
2.029652986469422382e-01
2.010652764469335885e-01
1.985482663294488304e-01
1.968425639697841401e-01
1.958152093646932934e-01
1.930096104278323510e-01
1.905225550095074327e-01
1.891937816132819861e-01
1.871850657157086428e-01
1.849696923313023933e-01
1.826712859715442505e-01
1.810489899150652671e-01
1.800292507505686368e-01
1.775210320671279929e-01
1.747091689500559764e-01
1.732118075425757020e-01
1.720911747648125600e-01
1.703437073453254180e-01
1.681099031611512640e-01
1.664034344600282822e-01
1.648060230753509436e-01
1.627867081229449342e-01
1.612094248786959394e-01
1.595737978969720416e-01
1.574728638104135603e-01
1.558438220662314855e-01
1.546827838322877013e-01
1.531616780222402885e-01
1.511907127309467525e-01
1.492645411169957748e-01
1.476041672495181922e-01
1.459641885094238312e-01
1.445596141591131700e-01
1.432262754414299066e-01
1.413447881245873949e-01
1.399901114883043696e-01
1.385354975785450804e-01
1.364434829771543067e-01
1.353798448572847979e-01
1.341545159525899256e-01
1.321949817862939081e-01
1.305675070298112916e-01
1.288712414984903021e-01
1.273598996013836915e-01
1.266850883487754542e-01
1.255170578824273686e-01
1.233844279747781658e-01
1.214268904790530568e-01
1.199793560499186063e-01
1.184853877642234043e-01
1.171235768192926963e-01
1.159250508215748932e-01
1.142236337272409114e-01
1.128349816491257540e-01
1.119528764995042086e-01
1.098726532399238454e-01
1.079404959527765079e-01
1.067097858868391869e-01
1.051162111803459059e-01
1.034310615768245928e-01
1.018318856357972590e-01
9.989655501846914087e-02
9.811273747658405542e-02
9.641082243243020988e-02
9.485551521209723003e-02
9.264236067338663116e-02
9.046973634612470727e-02
8.835952002325252186e-02
8.625487363519562800e-02
8.354808296046384308e-02
8.084859084878960600e-02
7.775893655630647383e-02
7.512857094698284499e-02
7.121270655785413850e-02
6.756803710695609422e-02
6.258901902271354900e-02
5.801837716611150247e-02
5.121914296666822686e-02
4.502384944411718520e-02
3.497396259184251677e-02
2.712857418430006384e-02
1.193644359289096867e-02
3.695011272291867654e-04
-2.836668656250297335e-02
-4.944099168167584435e-02
-1.166040126712369479e-01
-1.507451736751574678e-01
-3.472058558756616065e-01
-1.681166939588757125e-01
-4.297729862956784497e-01
-4.277411466503265203e+00
-3.470266129775009034e+00
