# one_loop_dd
-2.233598473624405370e-04
-2.758545672189825770e-04
-2.154182027938270495e-04
-2.249042380219863440e-04
-2.340633148198595923e-04
-2.351687007553743367e-04
-2.392584295339307543e-04
-2.419547375691522462e-04
-2.454986938607431942e-04
-2.486872581623532971e-04
-2.522241136805242526e-04
-2.556373518277496246e-04
-2.592164629764272081e-04
-2.627511311172094077e-04
-2.663928254289120228e-04
-2.700337438762957201e-04
-2.737619619964208606e-04
-2.775129784559144308e-04
-2.813376045180406536e-04
-2.852041803749809042e-04
-2.891377966765555294e-04
-2.931110046255319245e-04
-2.971466128745238943e-04
-3.012275145457978366e-04
-3.053756658292325517e-04
-3.095766250302731896e-04
-3.138332049842932269e-04
-3.181488002259009280e-04
-3.225289675994549724e-04
-3.269636272448953399e-04
-3.314643684358047700e-04
-3.360219504052627771e-04
-3.406420001497863204e-04
-3.453269594904265303e-04
-3.500786362731807678e-04
-3.548951172529362925e-04
-3.597763071414272198e-04
-3.647236208160292920e-04
-3.697415694917861222e-04
-3.748246187115325838e-04
-3.799803225493445240e-04
-3.852077205898785518e-04
-3.905060830553808691e-04
-3.958772186048589237e-04
-4.013209585983251075e-04
-4.068386697178747141e-04
-4.124358536728908991e-04
-4.181085312596492711e-04
-4.238580060285607274e-04
-4.296858720276819062e-04
-4.355945098963718469e-04
-4.415875924485181537e-04
-4.476594172885070165e-04
-4.538141215538887287e-04
-4.600573144554677852e-04
-4.663818250637052692e-04
-4.727950100874684335e-04
-4.792978968091882739e-04
-4.858869091998539573e-04
-4.925688681475838548e-04
-4.993440928646472685e-04
-5.062101209079646232e-04
-5.131684690061677143e-04
-5.202237528935669316e-04
-5.273800260143924994e-04
-5.346308746025752812e-04
-5.419798809192942664e-04
-5.494340922803367042e-04
-5.569886976636241518e-04
-5.646460646368473349e-04
-5.724090730538549179e-04
-5.802783043954136497e-04
-5.882572252898721687e-04
-5.963448148803183416e-04
-6.045443720149724746e-04
-6.128566545320008122e-04
-6.212805608560024702e-04
-6.298202792252564257e-04
-6.384799531568693606e-04
-6.472584638422794207e-04
-6.561570089205890797e-04
-6.651757593189727702e-04
-6.743184850357722112e-04
-6.835899869112350979e-04
-6.929875284815966438e-04
-7.025132918614503596e-04
-7.121686555878443221e-04
-7.219562585038619227e-04
-7.318819432813154519e-04
-7.419428497903327122e-04
-7.521395341458880866e-04
-7.624765776324158532e-04
-7.729573518207572122e-04
-7.835820079926611188e-04
-7.943502567262555793e-04
-8.052662069131617459e-04
-8.163348078983091727e-04
-8.275559841263537605e-04
-8.389277458542522201e-04
-8.504548580192675599e-04
-8.621417874068725310e-04
-8.739906709309257790e-04
-8.860031995472258644e-04
-8.981769693119353920e-04
-9.105175545133510455e-04
-9.230295919720635060e-04
-9.357120861130628631e-04
-9.485687020435121936e-04
-9.616044664851444755e-04
-9.748168540397953580e-04
-9.882085625851357805e-04
-1.001786989168087019e-03
-1.015550893461142357e-03
-1.029501283095481026e-03
-1.043645477043709168e-03
-1.057985532411304498e-03
-1.072519876341424851e-03
-1.087251462508672870e-03
-1.102188263703579845e-03
-1.117329306412322403e-03
-1.132677048026209214e-03
-1.148236914218810859e-03
-1.164008891258561974e-03
-1.179997332612735435e-03
-1.196205658660661267e-03
-1.212635048524554268e-03
-1.229291769865610475e-03
-1.246175001937690867e-03
-1.263289102304644262e-03
-1.280640394065107792e-03
-1.298228174500803793e-03
-1.316057122935216728e-03
-1.334130792883233239e-03
-1.352450895212261792e-03
-1.371023792259065503e-03
-1.389851291642188154e-03
-1.408936693218776392e-03
-1.428283339432785508e-03
-1.447892910283425779e-03
-1.467774388467650223e-03
-1.487930349859665265e-03
-1.508357854252056129e-03
-1.529066955318352135e-03
-1.550059558887089068e-03
-1.571339739628771796e-03
-1.592915072491019783e-03
-1.614781105128404708e-03
-1.636947345548830576e-03
-1.659421103909653134e-03
-1.682199745609418932e-03
-1.705290159623194151e-03
-1.728697292545259894e-03
-1.752425977576819571e-03
-1.776479165906680400e-03
-1.800861023151477218e-03
-1.825578696000606333e-03
-1.850634684755519304e-03
-1.876032227707269190e-03
-1.901777677072783368e-03
-1.927874822677188953e-03
-1.954334954375485604e-03
-1.981155172526782859e-03
-2.008333879123289523e-03
-2.035891758234285864e-03
-2.063833488467208682e-03
-2.092150509543568883e-03
-2.120849543197452034e-03
-2.149948999995748150e-03
-2.179449592945095771e-03
-2.209348642013151277e-03
-2.239657800818474834e-03
-2.270380793697089616e-03
-2.301526589402184964e-03
-2.333099500165843575e-03
-2.365101516717320069e-03
-2.397543648307302183e-03
-2.430428077376043175e-03
-2.463761138842026927e-03
-2.497554221106858437e-03
-2.531808575773467941e-03
-2.566529888267084138e-03
-2.601726627343534711e-03
-2.637405103998281125e-03
-2.673572267368531756e-03
-2.710233485506253082e-03
-2.747396113323195919e-03
-2.785067370576441072e-03
-2.823253540093378835e-03
-2.861961466900105489e-03
-2.901199128248876068e-03
-2.940973524895581798e-03
-2.981290886257374935e-03
-3.022160601376275898e-03
-3.063589053818204042e-03
-3.105582116030930050e-03
-3.148150457697904050e-03
-3.191300654098808316e-03
-3.235040625924550696e-03
-3.279378433345161731e-03
-3.324321296037244938e-03
-3.369878207342955068e-03
-3.416058346695642275e-03
-3.462871518735658339e-03
-3.510321043444742002e-03
-3.558418816360510700e-03
-3.607176140131644268e-03
-3.656597170423271995e-03
-3.706694421702142785e-03
-3.757476171921403808e-03
-3.808950292810634863e-03
-3.861128502682640434e-03
-3.914019201145399300e-03
-3.967631796294213836e-03
-4.021975195031472425e-03
-4.077061909566023074e-03
-4.132902002269532582e-03
-4.189501998466554217e-03
-4.246875172322446025e-03
-4.305032213081280354e-03
-4.363982167212270696e-03
-4.423737114422236077e-03
-4.484307550045733663e-03
-4.545704719769555827e-03
-4.607939174906011681e-03
-4.671022129507186593e-03
-4.734967427903871706e-03
-4.799783988790447264e-03
-4.865483762790494271e-03
-4.932081439247352518e-03
-4.999586728511605516e-03
-5.068012070516124401e-03
-5.137370813817316965e-03
-5.207675189227094215e-03
-5.278938731498612064e-03
-5.351173679674497974e-03
-5.424392334215454893e-03
-5.498609223026114726e-03
-5.573838825806021885e-03
-5.650093647765423027e-03
-5.727386014524995031e-03
-5.805732906162570407e-03
-5.885147871777674650e-03
-5.965643003638062582e-03
-6.047235624249779236e-03
-6.129940423691334142e-03
-6.213771386460789463e-03
-6.298744036535353953e-03
-6.384872969447644327e-03
-6.472175797617401097e-03
-6.560667789355478612e-03
-6.650363964609096873e-03
-6.741280973936808474e-03
-6.833436002703607327e-03
-6.926845943565719532e-03
-7.021526854238112694e-03
-7.117495869073369417e-03
-7.214771501941453710e-03
-7.313370362073155773e-03
-7.413310709530490997e-03
-7.514611331260488691e-03
-7.617289764508428963e-03
-7.721364090185246082e-03
-7.826853591180106540e-03
-7.933779264748648530e-03
-8.042159110644958586e-03
-8.152010421075168989e-03
-8.263355647980863417e-03
-8.376216101198884906e-03
-8.490609995576750904e-03
-8.606558266192063447e-03
-8.724082848958878214e-03
-8.843203662857002795e-03
-8.963942754433478280e-03
-9.086323800616170898e-03
-9.210366731179959673e-03
-9.336093770963560523e-03
-9.463528989243975495e-03
-9.592694513871308920e-03
-9.723614889534848774e-03
-9.856313271159145711e-03
-9.990812212467567802e-03
-1.012713637783863377e-02
-1.026531107393064898e-02
-1.040536206533052184e-02
-1.054731449063327220e-02
-1.069119172269478689e-02
-1.083702026620447095e-02
-1.098482846825711741e-02
-1.113464157066406356e-02
-1.128648585966211641e-02
-1.144039051312957696e-02
-1.159638177758826744e-02
-1.175448704066927273e-02
-1.191473675256978990e-02
-1.207715949728342501e-02
-1.224178249203757354e-02
-1.240863619375083375e-02
-1.257775187058621062e-02
-1.274915945081557186e-02
-1.292288777036498977e-02
-1.309896957557311545e-02
-1.327743763152396637e-02
-1.345832172661884200e-02
-1.364165488624671969e-02
-1.382747197955748117e-02
-1.401580321763870943e-02
-1.420668244795760676e-02
-1.440014733732795406e-02
-1.459623048504068987e-02
-1.479496590886108728e-02
-1.499639058144626967e-02
-1.520053955988670373e-02
-1.540744980895461524e-02
-1.561715947972900677e-02
-1.582970454823382639e-02
-1.604512252267928374e-02
-1.626345339962357445e-02
-1.648473630090686870e-02
-1.670900876622503917e-02
-1.693631250836241317e-02
-1.716668796279853179e-02
-1.740017543686121770e-02
-1.763681685567165813e-02
-1.787665421684033959e-02
-1.811973145010634806e-02
-1.836609083427715589e-02
-1.861577516238826016e-02
-1.886883083056427671e-02
-1.912530221152445448e-02
-1.938523438532328141e-02
-1.964867447352289243e-02
-1.991566830502259147e-02
-2.018626373978327226e-02
-2.046050917959847670e-02
-2.073845289770460260e-02
-2.102014460656650291e-02
-2.130563339844264437e-02
-2.159497125228667519e-02
-2.188820869924372817e-02
-2.218539673432342804e-02
-2.248659021643589773e-02
-2.279184148520722875e-02
-2.310120376236952586e-02
-2.341473272854395146e-02
-2.373248317126730456e-02
-2.405451174875983256e-02
-2.438087610374616021e-02
-2.471163263558889475e-02
-2.504683996679271663e-02
-2.538655839399144715e-02
-2.573084703136037377e-02
-2.607976563634988032e-02
-2.643337757251800965e-02
-2.679174525093107329e-02
-2.715492984364458948e-02
-2.752299672648445689e-02
-2.789601134185486914e-02
-2.827403792787758566e-02
-2.865714330762413400e-02
-2.904539599669618902e-02
-2.943886352667398135e-02
-2.983761402437129506e-02
-3.024171831256233789e-02
-3.065124888335455516e-02
-3.106627643221969784e-02
-3.148687239816094080e-02
-3.191311222187202812e-02
-3.234507030154902540e-02
-3.278282186677256016e-02
-3.322644479560510344e-02
-3.367601655784976250e-02
-3.413161365835814393e-02
-3.459331729270716943e-02
-3.506120999366382079e-02
-3.553537108510360087e-02
-3.601588401836913755e-02
-3.650283381122144954e-02
-3.699630385194579985e-02
-3.749638098345610404e-02
-3.800315274012941447e-02
-3.851670700008427706e-02
-3.903713408149657449e-02
-3.956452385607986399e-02
-4.009896756587454092e-02
-4.064055979801615981e-02
-4.118939407342447900e-02
-4.174556494865777623e-02
-4.230917022960840879e-02
-4.288030796508496278e-02
-4.345907676491062716e-02
-4.404557666449970821e-02
-4.463990940139107161e-02
-4.524217969420644275e-02
-4.585249081631327661e-02
-4.647094769342072912e-02
-4.709765868061560612e-02
-4.773273168353064921e-02
-4.837627622242028635e-02
-4.902840450150841578e-02
-4.968922853114325633e-02
-5.035886229987247137e-02
-5.103742218101005312e-02
-5.172502420548124452e-02
-5.242178747590423016e-02
-5.312783244239284441e-02
-5.384327967791668196e-02
-5.456825354676356210e-02
-5.530287872484224848e-02
-5.604728056292457294e-02
-5.680158777791566305e-02
-5.756592992906756773e-02
-5.834043830927004154e-02
-5.912524640564640471e-02
-5.992048788777643020e-02
-6.072629931753634192e-02
-6.154281948984033357e-02
-6.237018786016805538e-02
-6.320854614281361250e-02
-6.405803761111694694e-02
-6.491880755456320984e-02
-6.579100324931450028e-02
-6.667477339204233577e-02
-6.757026907199130406e-02
-6.847764326369690235e-02
-6.939705030468695801e-02
-7.032864647314548967e-02
-7.127259147683034923e-02
-7.222904581177208572e-02
-7.319817139101572612e-02
-7.418013338857992744e-02
-7.517509888191643841e-02
-7.618323719164735164e-02
-7.720471838609294091e-02
-7.823971636160310938e-02
-7.928840708682965976e-02
-8.035096700854249541e-02
-8.142757713752242499e-02
-8.251841947828990331e-02
-8.362367779675708435e-02
-8.474353966961400975e-02
-8.587819385335854205e-02
-8.702783152285713253e-02
-8.819264745935644079e-02
-8.937283761183022202e-02
-9.056860055936433174e-02
-9.178013803137383131e-02
-9.300765386067942619e-02
-9.425135394852098003e-02
-9.551144754470913822e-02
-9.678814661973018929e-02
-9.808166514566049599e-02
-9.939221951311086323e-02
-1.007200295808040463e-01
-1.020653185764928972e-01
-1.034283110227972036e-01
-1.048092343034230378e-01
-1.062083200511985265e-01
-1.076258016126818845e-01
-1.090619155151584946e-01
-1.105169015449830733e-01
-1.119910018716251121e-01
-1.134844619411359279e-01
-1.149975304675751320e-01
-1.165304595658261527e-01
-1.180835038315157098e-01
-1.196569202912738245e-01
-1.212509707758208377e-01
-1.228659201929794970e-01
-1.245020350265116649e-01
-1.261595867571445595e-01
-1.278388501256215171e-01
-1.295401014595176648e-01
-1.312636226217778201e-01
-1.330096986714691121e-01
-1.347786170271958184e-01
-1.365706691949900020e-01
-1.383861504275818999e-01
-1.402253598726392048e-01
-1.420885999331465421e-01
-1.439761764394027199e-01
-1.458883995952359736e-01
-1.478255827274234102e-01
-1.497880434004318917e-01
-1.517761043375950303e-01
-1.537900899477915306e-01
-1.558303288762059313e-01
-1.578971560608461444e-01
-1.599909084495396427e-01
-1.621119271096843617e-01
-1.642605585114813860e-01
-1.664371518290302943e-01
-1.686420613555356662e-01
-1.708756470886895196e-01
-1.731382709093479133e-01
-1.754302989109033928e-01
-1.777521043773420961e-01
-1.801040640601758169e-01
-1.824865576174396486e-01
-1.848999705515693148e-01
-1.873446931804473581e-01
-1.898211204330743918e-01
-1.923296519655421644e-01
-1.948706917789050919e-01
-1.974446491071703835e-01
-2.000519384821336788e-01
-2.026929793926029733e-01
-2.053681957813106029e-01
-2.080780166494823613e-01
-2.108228768732641478e-01
-2.136032162837201709e-01
-2.164194796281906918e-01
-2.192721172063288870e-01
-2.221615852442178352e-01
-2.250883442664481093e-01
-2.280528612421060253e-01
-2.310556090844046173e-01
-2.340970647937702376e-01
-2.371777124229686451e-01
-2.402980413534784587e-01
-2.434585461148738306e-01
-2.466597281171919176e-01
-2.499020945078258005e-01
-2.531861581189559507e-01
-2.565124372922470419e-01
-2.598814583811002721e-01
-2.632937530851322538e-01
-2.667498577750643807e-01
-2.702503176051476164e-01
-2.737956835538931655e-01
-2.773865116797762376e-01
-2.810233663570071982e-01
-2.847068182555060334e-01
-2.884374438817215447e-01
-2.922158272594107542e-01
-2.960425594671159955e-01
-2.999182380433011996e-01
-3.038434675082821723e-01
-3.078188590671432912e-01
-3.118450314545366253e-01
-3.159226105039004695e-01
-3.200522286373926883e-01
-3.242345263335348893e-01
-3.284701519060109209e-01
-3.327597606530351415e-01
-3.371040154336237826e-01
-3.415035869462697549e-01
-3.459591541501184642e-01
-3.504714036880270944e-01
-3.550410302993947109e-01
-3.596687369553186464e-01
-3.643552345263941228e-01
-3.691012420457157051e-01
-3.739074873657111664e-01
-3.787747067676981438e-01
-3.837036439562495627e-01
-3.886950520355839100e-01
-3.937496930598728406e-01
-3.988683362807599608e-01
-4.040517602938702435e-01
-4.093007530308543362e-01
-4.146161107709822047e-01
-4.199986389802958242e-01
-4.254491526700549531e-01
-4.309684761397709618e-01
-4.365574429856412531e-01
-4.422168960978553054e-01
-4.479476878853588251e-01
-4.537506808153156657e-01
-4.596267468510529808e-01
-4.655767681445334705e-01
-4.716016366530838555e-01
-4.777022538595773193e-01
-4.838795322549394040e-01
-4.901343946630488668e-01
-4.964677734467962122e-01
-5.028806120734682361e-01
-5.093738647479781889e-01
-5.159484959090749889e-01
-5.226054805060202924e-01
-5.293458048334371835e-01
-5.361704660552180091e-01
-5.430804724248783355e-01
-5.500768439104207763e-01
-5.571606115712726126e-01
-5.643328174827519916e-01
-5.715945153491617248e-01
-5.789467713493575696e-01
-5.863906628470216820e-01
-5.939272789462228808e-01
-6.015577206734961102e-01
-6.092831014333903727e-01
-6.171045473860879982e-01
-6.250231963322985251e-01
-6.330401987956462140e-01
-6.411567182859723157e-01
-6.493739306137380485e-01
-6.576930246374481648e-01
-6.661152020279568209e-01
-6.746416768939749176e-01
-6.832736771109517715e-01
-6.920124445733020213e-01
-7.008592335637798820e-01
-7.098153120033338093e-01
-7.188819624505210504e-01
-7.280604809958211021e-01
-7.373521771865438890e-01
-7.467583753460192986e-01
-7.562804141731166441e-01
-7.659196458460042489e-01
-7.756774376013567673e-01
-7.855551721210898286e-01
-7.955542456718899258e-01
-8.056760698096553375e-01
-8.159220720083076861e-01
-8.262936941018280690e-01
-8.367923931772716095e-01
-8.474196421683329872e-01
-8.581769283385511926e-01
-8.690657550430879175e-01
-8.800876418048751981e-01
-8.912441234675785307e-01
-9.025367515287295861e-01
-9.139670939288445650e-01
-9.255367347418145263e-01
-9.372472747147904126e-01
-9.491003315389531236e-01
-9.610975399717501810e-01
-9.732405514917248368e-01
-9.855310350011792231e-01
-9.979706768119642746e-01
-1.010561180698132056e+00
-1.023304268300572861e+00
-1.036201678864177911e+00
-1.049255169687616451e+00
-1.062466516250293314e+00
-1.075837512083500647e+00
-1.089369969332470323e+00
-1.103065718499652181e+00
-1.116926608724416292e+00
-1.130954508005700188e+00
-1.145151303378473040e+00
-1.159518901458650220e+00
-1.174059228023342616e+00
-1.188774228187717164e+00
-1.203665867189566363e+00
-1.218736129847536098e+00
-1.233987020667369539e+00
-1.249420564089507746e+00
-1.265038804081983326e+00
-1.280843805541245661e+00
-1.296837654563478104e+00
-1.313022457433722590e+00
-1.329400341509184180e+00
-1.345973455277508002e+00
-1.362743968919797322e+00
-1.379714073776924232e+00
-1.396885982241514723e+00
-1.414261928788378198e+00
-1.431844169267076472e+00
-1.449634981724053251e+00
-1.467636666912327970e+00
-1.485851547542020423e+00
-1.504281969315268475e+00
-1.522930300797841197e+00
-1.541798933298357488e+00
-1.560890281500514121e+00
-1.580206783199131104e+00
-1.599750899191600295e+00
-1.619525114199955595e+00
-1.639531936651583921e+00
-1.659773898873252662e+00
-1.680253557638530459e+00
-1.700973494281099008e+00
-1.721936314205618546e+00
-1.743144647610337605e+00
-1.764601149974509120e+00
-1.786308500735031446e+00
-1.808269404121632284e+00
-1.830486589684444443e+00
-1.852962812507376933e+00
-1.875700853421223391e+00
-1.898703518994782069e+00
-1.921973642378446812e+00
-1.945514082149837787e+00
-1.969327723745949887e+00
-1.993417479723592178e+00
-2.017786288161349084e+00
-2.042437113971210749e+00
-2.067372949208309052e+00
-2.092596813100195519e+00
-2.118111752662425129e+00
-2.143920841948192546e+00
-2.170027183291304063e+00
-2.196433906895586929e+00
-2.223144170708406087e+00
-2.250161161552262090e+00
-2.277488093625498422e+00
-2.305128208627724717e+00
-2.333084777415241007e+00
-2.361361099923250606e+00
-2.389960504754229831e+00
-2.418886349714503226e+00
-2.448142022363720915e+00
-2.477730939853532099e+00
-2.507656548973753896e+00
-2.537922326327908706e+00
-2.568531778675288368e+00
-2.599488442810909739e+00
-2.630795885410052826e+00
-2.662457703885575899e+00
-2.694477526942515855e+00
-2.726859013753340832e+00
-2.759605854694008098e+00
-2.792721770951054339e+00
-2.826210515434278037e+00
-2.860075872691952625e+00
-2.894321657175766394e+00
-2.928951713667080625e+00
-2.963969918739000953e+00
-2.999380181218624486e+00
-3.035186442037354215e+00
-3.071392674269827872e+00
-3.108002883554914941e+00
-3.145021107958727136e+00
-3.182451418160338275e+00
-3.220297918304682483e+00
-3.258564746069196882e+00
-3.297256072463081278e+00
-3.336376102468445293e+00
-3.375929074447909795e+00
-3.415919260263842627e+00
-3.456350965498684591e+00
-3.497228529688952925e+00
-3.538556326376587347e+00
-3.580338763432203475e+00
-3.622580281973428296e+00
-3.665285353947024038e+00
-3.708458481403025697e+00
-3.752104200264146705e+00
-3.796227081016643634e+00
-3.840831728472056117e+00
-3.885922781703863738e+00
-3.931504914736045464e+00
-3.977582836248597431e+00
-4.024161288473704801e+00
-4.071245051319959174e+00
-4.118838949064576482e+00
-4.166947850017855615e+00
-4.215576660528303599e+00
-4.264730322296352405e+00
-4.314413813193382907e+00
-4.364632147794912598e+00
-4.415390376283347962e+00
-4.466693585797068877e+00
-4.518546904421851806e+00
-4.570955484100350574e+00
-4.623924467393315751e+00
-4.677458989503644915e+00
-4.731564209084685224e+00
-4.786245320066767839e+00
-4.841507549069501870e+00
-4.897356153703486648e+00
-4.953796423271350946e+00
-5.010833678860599605e+00
-5.068473270621108639e+00
-5.126720587041990740e+00
-5.185581072948127535e+00
-5.245060227543105746e+00
-5.305163588530418473e+00
-5.365896725152215829e+00
-5.427265239557192089e+00
-5.489274768266953153e+00
-5.551930982851276397e+00
-5.615239586325200705e+00
-5.679206303731182182e+00
-5.743836930404355279e+00
-5.809137428976673512e+00
-5.875113924010065602e+00
-5.941772610763436546e+00
-6.009119720907893480e+00
-6.077161533200787780e+00
-6.145904375061666869e+00
-6.215354619439273698e+00
-6.285518689584114860e+00
-6.356403073358363187e+00
-6.428014254265102423e+00
-6.500358574533902534e+00
-6.573442244508581389e+00
-6.647271471455825420e+00
-6.721852506910890312e+00
-6.797191631971433168e+00
-6.873295154483774816e+00
-6.950169411277238751e+00
-7.027820766544612852e+00
-7.106255607875954894e+00
-7.185480365653386770e+00
-7.265501551663144930e+00
-7.346325755992157980e+00
-7.427959610176393390e+00
-7.510409773279811851e+00
-7.593682935468116568e+00
-7.677785818531535966e+00
-7.762725174460385347e+00
-7.848507786505570571e+00
-7.935140475877719091e+00
-8.022630069691960131e+00
-8.110983340013007137e+00
-8.200207008491338101e+00
-8.290307803165845257e+00
-8.381292478049342520e+00
-8.473167807108723082e+00
-8.565940582157164584e+00
-8.659617614644918859e+00
-8.754205732160889042e+00
-8.849711769394271954e+00
-8.946142610463319045e+00
-9.043505272523749028e+00
-9.141806898600775000e+00
-9.241054676840812832e+00
-9.341255812239932510e+00
-9.442417534815209734e+00
-9.544547100288955477e+00
-9.647651786931353612e+00
-9.751738898744600093e+00
-9.856815775679731217e+00
-9.962889738821878893e+00
-1.006996798682916072e+01
-1.017805760470601939e+01
-1.028716566059163995e+01
-1.039729923930240041e+01
-1.050846543172323777e+01
-1.062067133145756337e+01
-1.073392404065501360e+01
-1.084823065901265160e+01
-1.096359825698902135e+01
-1.108003401086451944e+01
-1.119754546536584527e+01
-1.131614050808086880e+01
-1.143582711977844646e+01
-1.155661328623834905e+01
-1.167850702596645363e+01
-1.180151639454656554e+01
-1.192564947772577355e+01
-1.205091439725224234e+01
-1.217731932669296135e+01
-1.230487240456734810e+01
-1.243358156674336357e+01
-1.256345456412211981e+01
-1.269449911943089937e+01
-1.282672298211889661e+01
-1.296013390941388366e+01
-1.309473966185086447e+01
-1.323054799612914501e+01
-1.336756668239641321e+01
-1.350580354976222175e+01
-1.364526623969730323e+01
-1.378596174071757119e+01
-1.392789643519482645e+01
-1.407107653914701473e+01
-1.421550825279960684e+01
-1.436119770910818971e+01
-1.450815096429348294e+01
-1.465637401567123277e+01
-1.480587276994624268e+01
-1.495665296634710018e+01
-1.510872057703425497e+01
-1.526208256492542503e+01
-1.541674679547519311e+01
-1.557272131454499942e+01
-1.573001409719783084e+01
-1.588863312908906877e+01
-1.604858641855457790e+01
-1.620988197791559315e+01
-1.637252783754288288e+01
-1.653653208686900200e+01
-1.670190264918056755e+01
-1.686864685902572347e+01
-1.703677151148419711e+01
-1.720628326206333725e+01
-1.737718876250799127e+01
-1.754949461335317906e+01
-1.772320735438246686e+01
-1.789833346954014814e+01
-1.807487938460747046e+01
-1.825285146703586747e+01
-1.843225602014782538e+01
-1.861309927359199889e+01
-1.879538738255344654e+01
-1.897912643233495444e+01
-1.916432243741748209e+01
-1.935098133934054587e+01
-1.953910900467752398e+01
-1.972871122445920022e+01
-1.991979370778513214e+01
-2.011236207332292025e+01
-2.030642188955728145e+01
-2.050197875373236300e+01
-2.069903827858982126e+01
-2.089760601439883558e+01
-2.109768741922026791e+01
-2.129928786741384172e+01
-2.150241264594892598e+01
-2.170706695191623226e+01
-2.191325589220013725e+01
-2.212098449120214028e+01
-2.233025763804891284e+01
-2.254108000016369928e+01
-2.275345603012061702e+01
-2.296739004785200677e+01
-2.318288626644388728e+01
-2.339994877915059490e+01
-2.361858155499648504e+01
-2.383878843749251786e+01
-2.406057314293648375e+01
-2.428393926266078040e+01
-2.450889023454307747e+01
-2.473542929234507781e+01
-2.496355947054781765e+01
-2.519328364530981190e+01
-2.542460454673934933e+01
-2.565752475211056094e+01
-2.589204667878821198e+01
-2.612817258596777847e+01
-2.636590456813149785e+01
-2.660524455313236558e+01
-2.684619430097480475e+01
-2.708875540856695352e+01
-2.733292930412878619e+01
-2.757871723975743095e+01
-2.782612028287421424e+01
-2.807513931773797822e+01
-2.832577503885363157e+01
-2.857802794836367610e+01
-2.883189835410481905e+01
-2.908738636730417682e+01
-2.934449188640493134e+01
-2.960321456663506723e+01
-2.986355381994777147e+01
-3.012550883756965092e+01
-3.038907859419932578e+01
-3.065426184174808455e+01
-3.092105710397385465e+01
-3.118946267265912198e+01
-3.145947660677781954e+01
-3.173109675008080188e+01
-3.200432062850421744e+01
-3.227914528001174688e+01
-3.255556727730910893e+01
-3.283358288800569369e+01
-3.311318811801936590e+01
-3.339437869259221259e+01
-3.367715004670012036e+01
-3.396149733024298456e+01
-3.424741539301403748e+01
-3.453489877440942735e+01
-3.482394176133146857e+01
-3.511453850034471458e+01
-3.540668297472328163e+01
-3.570036888770277983e+01
-3.599558962424927699e+01
-3.629233826016677966e+01
-3.659060755507850615e+01
-3.689038994810326955e+01
-3.719167755878874715e+01
-3.749446220891797310e+01
-3.779873527908576847e+01
-3.810448746679230680e+01
-3.841170881975518370e+01
-3.872038896824776089e+01
-3.903051718975093820e+01
-3.934208238045344785e+01
-3.965507304453898740e+01
-3.996947729335291655e+01
-4.028528284282391070e+01
-4.060247702523189162e+01
-4.092104670404806654e+01
-4.124097814055760125e+01
-4.156225700853779159e+01
-4.188486852071361710e+01
-4.220879746262261278e+01
-4.253402817355637211e+01
-4.286054453995876656e+01
-4.318832999746906864e+01
-4.351736751441618622e+01
-4.384763956848681232e+01
-4.417912826701019213e+01
-4.451181556694226771e+01
-4.484568322939541929e+01
-4.518071259769825332e+01
-4.551688452589891654e+01
-4.585417940146078308e+01
-4.619257713818872446e+01
-4.653205716178979401e+01
-4.687259842824657596e+01
-4.721417948432225842e+01
-4.755677808338823809e+01
-4.790037053799057531e+01
-4.824493183521448003e+01
-4.859043626215774481e+01
-4.893685759462947971e+01
-4.928416901760389379e+01
-4.963234311162445067e+01
-4.998135187176256977e+01
-5.033116667289478130e+01
-5.068175822178996981e+01
-5.103309685348111202e+01
-5.138515304501027003e+01
-5.173789730436612189e+01
-5.209129966876923135e+01
-5.244532953908327499e+01
-5.279995574070901654e+01
-5.315514652125317241e+01
-5.351086952968261556e+01
-5.386709183619298358e+01
-5.422377998145384481e+01
-5.458089964479243150e+01
-5.493841510249384186e+01
-5.529628932995650814e+01
-5.565448453403786999e+01
-5.601296230752061689e+01
-5.637168356524549750e+01
-5.673060852815392963e+01
-5.708969672185347122e+01
-5.744890699184788474e+01
-5.780819756688215705e+01
-5.816752568694026593e+01
-5.852684701896879460e+01
-5.888611576904121137e+01
-5.924528526303593878e+01
-5.960430811343394453e+01
-5.996313615448742240e+01
-6.032172042727041372e+01
-6.068001121666938502e+01
-6.103795798065706890e+01
-6.139550922568847824e+01
-6.175261331215042304e+01
-6.210921980527835018e+01
-6.246527916610375541e+01
-6.282074144448589692e+01
-6.317555587328244115e+01
-6.352967103342104593e+01
-6.388303483669719185e+01
-6.423559446964073061e+01
-6.458729653111244318e+01
-6.493808734882873068e+01
-6.528791092681333907e+01
-6.563670555278140739e+01
-6.598440456660739528e+01
-6.633093969632115261e+01
-6.667624199951907826e+01
-6.702024150980786033e+01
-6.736286719261391909e+01
-6.770404708349420275e+01
-6.804370806347449729e+01
-6.838177542669775733e+01
-6.871817579389654895e+01
-6.905284193955867522e+01
-6.938571163673678655e+01
-6.971672296296179638e+01
-7.004581291398582721e+01
-7.037291796315179226e+01
-7.069797408886027767e+01
-7.102091666099502731e+01
-7.134168060835435199e+01
-7.166020079917312557e+01
-7.197640958851134485e+01
-7.229023287455743230e+01
-7.260159104169156308e+01
-7.291040289487681036e+01
-7.321658675826191143e+01
-7.352006006406206495e+01
-7.382073930856449806e+01
-7.411854025725189388e+01
-7.441337759574464883e+01
-7.470516434358660263e+01
-7.499381611017759042e+01
-7.527925804532095810e+01
-7.556142312009592388e+01
-7.584024529018613237e+01
-7.611565759289244681e+01
-7.638759289713648570e+01
-7.665598393543142208e+01
-7.692076285911306854e+01
-7.718186220313732804e+01
-7.743921670465321938e+01
-7.769275068887681357e+01
-7.794235772420316266e+01
-7.818790583879446388e+01
-7.842925767620110378e+01
-7.866627606983870180e+01
-7.889882185178973373e+01
-7.912675367588983022e+01
-7.934992890805457932e+01
-7.956820212144147320e+01
-7.978142245092492146e+01
-7.998945277225267603e+01
-8.019220052378125274e+01
-8.038960951515359454e+01
-8.058162950972446481e+01
-8.076820776145846992e+01
-8.094929250915110686e+01
-8.112483322204874980e+01
-8.129477986022372704e+01
-8.145908380920495517e+01
-8.161769957365636685e+01
-8.177057253058049469e+01
-8.191761945389836796e+01
-8.205873383681972655e+01
-8.219380531244009092e+01
-8.232272495740669171e+01
-8.244538311947071918e+01
-8.256166922505667571e+01
-8.267147208226536748e+01
-8.277467987967887098e+01
-8.287118023765451369e+01
-8.296086026521440715e+01
-8.304360669025400910e+01
-8.311930581211515801e+01
-8.318784345176872819e+01
-8.324910488280200127e+01
-8.330297494146988413e+01
-8.334933804010302083e+01
-8.338807845765731486e+01
-8.341907966751571735e+01
-8.344222317576543446e+01
-8.345739735341963694e+01
-8.346451125888870592e+01
-8.346349067616559125e+01
-8.345426435947234722e+01
-8.343676032953334243e+01
-8.341090748670447397e+01
-8.337663570455684692e+01
-8.333387566244037714e+01
-8.328255892241725178e+01
-8.322261816204638762e+01
-8.315398570987308347e+01
-8.307659132845437000e+01
-8.299036287688963398e+01
-8.289522862927056224e+01
-8.279111787244426068e+01
-8.267796067486386846e+01
-8.255568781397116140e+01
-8.242423067238543410e+01
-8.228352176048716160e+01
-8.213349564838155459e+01
-8.197408212684557327e+01
-8.180519570282193342e+01
-8.162673878789975390e+01
-8.143861231430760483e+01
-8.124071852638978442e+01
-8.103295983944771308e+01
-8.081523884427235771e+01
-8.058745915467181931e+01
-8.034952361290318379e+01
-8.010133160656030782e+01
-7.984280090746267433e+01
-7.957390126511046446e+01
-7.929464390849760491e+01
-7.900504776938724660e+01
-7.870513075392339886e+01
-7.839491352226322363e+01
-7.807441961490431481e+01
-7.774367440981443167e+01
-7.740270685044704635e+01
-7.705155233519032265e+01
-7.669022975737661341e+01
-7.631870680121389228e+01
-7.593691106611433383e+01
-7.554476531230605474e+01
-7.514219629622070329e+01
-7.472913098343758520e+01
-7.430549637868466561e+01
-7.387122096659221882e+01
-7.342623206271881031e+01
-7.297045164388254079e+01
-7.250383052250617766e+01
-7.202639966317633480e+01
-7.153825302202537273e+01
-7.103949551843652443e+01
-7.053022994929617084e+01
-7.001056284015226083e+01
-6.948060463054662250e+01
-6.894046851047411906e+01
-6.839027175108031997e+01
-6.783013789022737683e+01
-6.726017807068541288e+01
-6.668046363652516106e+01
-6.609103563595047603e+01
-6.549193276821492304e+01
-6.488319813034317463e+01
-6.426487614216858901e+01
-6.363701228283176192e+01
-6.299965393847585915e+01
-6.235284919345295407e+01
-6.169664542890967596e+01
-6.103110258353461859e+01
-6.035631248643076674e+01
-5.967239163631123233e+01
-5.897946135615342200e+01
-5.827764311021874732e+01
-5.756706075409357481e+01
-5.684784060509471715e+01
-5.612011170823399198e+01
-5.538400421703258303e+01
-5.463964760932290687e+01
-5.388718836006282231e+01
-5.312681472648282011e+01
-5.235874653228319175e+01
-5.158320966620843251e+01
-5.080043037070370815e+01
-5.001063803402900021e+01
-4.921406513188688336e+01
-4.841094665507824857e+01
-4.760152076197289261e+01
-4.678602944819166964e+01
-4.596470942368756596e+01
-4.513778020477863606e+01
-4.430544958472518147e+01
-4.346792593318593845e+01
-4.262542053095953065e+01
-4.177814617083973303e+01
-4.092631719351214770e+01
-4.007014996558626763e+01
-3.920986130059523589e+01
-3.834566763045791049e+01
-3.747780170020203627e+01
-3.660653262674941288e+01
-3.573215430492894029e+01
-3.485496418358238202e+01
-3.397525990707342203e+01
-3.309334162766222676e+01
-3.220951190395348362e+01
-3.132407581883705916e+01
-3.043733938919004345e+01
-2.954960950326471902e+01
-2.866120893440793793e+01
-2.777249136424421749e+01
-2.688382991573303116e+01
-2.599560057860369966e+01
-2.510818054442520975e+01
-2.422194990243397683e+01
-2.333729095650389240e+01
-2.245458756465581018e+01
-2.157423038114410474e+01
-2.069661262736968865e+01
-1.982207790296362759e+01
-1.895088097540772765e+01
-1.808323217948799311e+01
-1.721934465046214768e+01
-1.635943466787605871e+01
-1.550371739657163062e+01
-1.465240866597133618e+01
-1.380572502347047248e+01
-1.296387440787574974e+01
-1.212707546668352165e+01
-1.129564212861615147e+01
-1.047001838162964305e+01
-9.650699912682455306e+00
-8.838178241686421188e+00
-8.032946566039100844e+00
-7.235504387689076111e+00
-6.446354091817568133e+00
-5.666004349140166596e+00
-4.894981360240535651e+00
-4.133777370635073112e+00
-3.382742570905179491e+00
-2.642091289809997079e+00
-1.912008129613411711e+00
-1.192690066493440781e+00
-4.843347571566312126e-01
2.128615910094424635e-01
8.987019995375646886e-01
1.572990775719773637e+00
2.235533155857268639e+00
2.886108862805883746e+00
3.524446834430335684e+00
4.150245312518933360e+00
4.763199553107995143e+00
5.363003858504526988e+00
5.949348747050152042e+00
6.521922174168906849e+00
7.080407802477111545e+00
7.624476212392181651e+00
8.153817168166426654e+00
8.668217228569147892e+00
9.167563730965099467e+00
9.651769327979877744e+00
1.012073729086560547e+01
1.057436958165359897e+01
1.101256939857452721e+01
1.143523967533752739e+01
1.184227835054377920e+01
1.223358477986059256e+01
1.260910275809482073e+01
1.296884458869084256e+01
1.331285270465883741e+01
1.364116656484389978e+01
1.395382454670408379e+01
1.425086690707104253e+01
1.453233549053587126e+01
1.479826911776646625e+01
1.504870579112832729e+01
1.528372533152787582e+01
1.550348477570909722e+01
1.570818297667653951e+01
1.589801998024543650e+01
1.607319575599422024e+01
1.623391497919632798e+01
1.638038754634774818e+01
1.651281679726855600e+01
1.663140751772988324e+01
1.673648033446968952e+01
1.682856080537138155e+01
1.690828467518903722e+01
1.697629320490770510e+01
1.703323140167080396e+01
1.707975803190268493e+01
1.711654352112594779e+01
1.714427088838959889e+01
1.716363257259695274e+01
1.717531838919762777e+01
1.718001027294647542e+01
1.717839291193573104e+01
1.717116220186085229e+01
1.715902444647795733e+01
1.714269770606333054e+01
1.712290749063109274e+01
1.710037617156305600e+01
1.707588317645280540e+01
1.705037531844240561e+01
1.702494923937527460e+01
1.700074311173884212e+01
1.697890015516409790e+01
1.696058073717264847e+01
1.694696370838173038e+01
1.693924551767400999e+01
1.693863858962103563e+01
1.694636446985774114e+01
1.696364952611250487e+01
1.699173047710337414e+01
1.703185962299104972e+01
1.708530429132710537e+01
1.715334769299008144e+01
1.723728325824961871e+01
1.733841121473093949e+01
1.745809768360436465e+01
1.759784578220134676e+01
1.775925556021320517e+01
1.794394850011562426e+01
1.815355518283573133e+01
1.838971986398479430e+01
1.865410524915708379e+01
1.894840155015930350e+01
1.927425250086361075e+01
1.963313371682806974e+01
2.002638142588349979e+01
2.045531214433609080e+01
2.092125735743343284e+01
2.142554945473295902e+01
2.196951895997509041e+01
2.255449332713422450e+01
2.318180816370201569e+01
2.385282714535645709e+01
2.456893766777307064e+01
2.533152901878835905e+01
2.614198403262830084e+01
2.700167757754098830e+01
2.791198356087224397e+01
2.887428667669740889e+01
2.988988172236048513e+01
3.095981738787983772e+01
3.208494242170743860e+01
3.326606218714496777e+01
3.450397951543226327e+01
3.579947402028244596e+01
3.715331102197347946e+01
3.856624680263473692e+01
4.003891218830219145e+01
4.157168230734748704e+01
4.316476044076955532e+01
4.481831736540729594e+01
4.653250791158592392e+01
4.830745517261928512e+01
5.014327737753328051e+01
5.204005577787688708e+01
5.399759225556795172e+01
5.601526423707684899e+01
5.809224406338259428e+01
6.022769585339136711e+01
6.242076681322527065e+01
6.467057531156780215e+01
6.697623348722120795e+01
6.933678627652371063e+01
7.175106511021814981e+01
7.421768670764740250e+01
7.673520144604192694e+01
7.930215956585763593e+01
8.191708946143526759e+01
8.457853237935786694e+01
8.728505068776640030e+01
9.003483648248875681e+01
9.282531546514792353e+01
9.565345519041673583e+01
9.851621625031708618e+01
1.014105999194386101e+02
1.043336083014203552e+02
1.072822692820419093e+02
1.102535930330847975e+02
1.132444317167593368e+02
1.162514593158713012e+02
1.192713174850741638e+02
1.223006948112641510e+02
1.253363114829573277e+02
1.283749360937413826e+02
1.314133891059718167e+02
1.344483409497380251e+02
1.374761194855988435e+02
1.404928766471277584e+02
1.434948133995932551e+02
1.464781949402287751e+02
1.494393376713542523e+02
1.523746432575543679e+02
1.552804668021562406e+02
1.581528336945262083e+02
1.609874558209209852e+02
1.637800192535377448e+02
1.665263035112220393e+02
1.692221506771865052e+02
1.718634209982401444e+02
1.744460497670012273e+02
1.769663832057811419e+02
1.794213603100477314e+02
1.818081971032237050e+02
1.841241190058337907e+02
1.863663690579654428e+02
1.885322328807162933e+02
1.906190314753104644e+02
1.926240397925458581e+02
1.945443934846808816e+02
1.963771363581629998e+02
1.981193109516221966e+02
1.997679803974407378e+02
2.013201898682187050e+02
2.027728829986882886e+02
2.041232440344645624e+02
2.053694253711874467e+02
2.065105005305735801e+02
2.075457259033252342e+02
2.084742479363973189e+02
2.092951752189927674e+02
2.100075049477259483e+02
2.106102831996198574e+02
2.111033575882166815e+02
2.114876639693917468e+02
2.117645129866255331e+02
2.119350904339696058e+02
2.120005158454902983e+02
2.119618284242527579e+02
2.118199987549905359e+02
2.115764436973840361e+02
2.112334464278697794e+02
2.107937261778351399e+02
2.102599424234500134e+02
2.096346953225406082e+02
2.089205220266759966e+02
2.081198422638956913e+02
2.072355639302956263e+02
2.062718700325538350e+02
2.052338459569787119e+02
2.041266662657456550e+02
2.029554541661625251e+02
2.017253496234010015e+02
2.004414430210053411e+02
1.991091192001040326e+02
1.977347348818158537e+02
1.963255467744941711e+02
1.948890486416284489e+02
1.934327268685670731e+02
1.919641405365239848e+02
1.904909690606573918e+02
1.890208986650655163e+02
1.875613140769146412e+02
1.861192350855884001e+02
1.847016102835261790e+02
1.833154791296866506e+02
1.819679444967682116e+02
1.806661388281900145e+02
1.794172676082060889e+02
1.782288070972518881e+02
1.771086021419953624e+02
1.760646790044650061e+02
1.751050869385952922e+02
1.742378890795494328e+02
1.734712687230805841e+02
1.728134478768670590e+02
1.722716515144179539e+02
1.718512812302784596e+02
1.715567647019787216e+02
1.713925147594755458e+02
1.713629362641368630e+02
1.714723928900433236e+02
1.717252478262337547e+02
1.721251455612165273e+02
1.726742124508220684e+02
1.733735684006909423e+02
1.742241931742207157e+02
1.752270107274140400e+02
1.763828939431035394e+02
1.776928148054875862e+02
1.791566791069315059e+02
1.807715705022397401e+02
1.825323751895895725e+02
1.844336272505749434e+02
1.864699737986340153e+02
1.886360305364339638e+02
1.909265120906116522e+02
1.933356782558001328e+02
1.958561579414871971e+02
1.984790822067984379e+02
2.011953180465520177e+02
2.039959338144023491e+02
2.068721103552300917e+02
2.098153063086718078e+02
2.128167411672467324e+02
2.158658558000656171e+02
2.189501099235272932e+02
2.220565425603035692e+02
2.251726039730983473e+02
2.282860153564097914e+02
2.313847612016729727e+02
2.344570405793136274e+02
2.374909091833595198e+02
2.404741461089491850e+02
2.433945991752903808e+02
2.462404298393467457e+02
2.490000831935734595e+02
2.516621857846364492e+02
2.542156188965602439e+02
2.566501640813921199e+02
2.589568964496214676e+02
2.611275583930639073e+02
2.631539821716187362e+02
2.650281035304769262e+02
2.667418253485620880e+02
2.682870210215904763e+02
2.696571719765194644e+02
2.708488229525704014e+02
2.718601745789183042e+02
2.726893184599104529e+02
2.733341516382121199e+02
2.737923412974384973e+02
2.740611626985246403e+02
2.741395501588597767e+02
2.740305650226599141e+02
2.737399492586493466e+02
2.732734306493476879e+02
2.726363210412256990e+02
2.718336856158230148e+02
2.708701399317521350e+02
2.697512523789311558e+02
2.684857868814186759e+02
2.670850402528342329e+02
2.655605587136893746e+02
2.639235474348280377e+02
2.621850863641247429e+02
2.603559957480047728e+02
2.584476017132212746e+02
2.564733732635879164e+02
2.544488439682657486e+02
2.523900236625198659e+02
2.503127553922261654e+02
2.482329183210634369e+02
2.461665792102979253e+02
2.441296257408398276e+02
2.421367771131162385e+02
2.402014183148109225e+02
2.383365576408527886e+02
2.365553325424425566e+02
2.348709263497631241e+02
2.332966655446102777e+02
2.318457585800994138e+02
2.305300960840194193e+02
2.293597805460167081e+02
2.283442278555789358e+02
2.274929144396132301e+02
2.268152524053419086e+02
2.263210078967908032e+02
2.260196882429086145e+02
2.259158040663350278e+02
2.260059401010908005e+02
2.262830111163631841e+02
2.267401920166204263e+02
2.273708146819295450e+02
2.281682779185619836e+02
2.291260812092679089e+02
2.302355911811861802e+02
2.314841126297540654e+02
2.328568212580528609e+02
2.343391323649484548e+02
2.359168353115261993e+02
2.375760108664696304e+02
2.393031440024274161e+02
2.410838322551745136e+02
2.429012832575528478e+02
2.447372876750380044e+02
2.465739060253988555e+02
2.483937399900695482e+02
2.501797176018984885e+02
2.519150362754621142e+02
2.535835933831826310e+02
2.551706130136690263e+02
2.566623871922590752e+02
2.580455576209303672e+02
2.593069701548599824e+02
2.604335733961816004e+02
2.614119677832056823e+02
2.622304056752007568e+02
2.628828064042411370e+02
2.633682623966138863e+02
2.636868577392029351e+02
2.638381303939966074e+02
2.638213970187146060e+02
2.636352642396219608e+02
2.632793569808088705e+02
2.627592128962607489e+02
2.620868822957963857e+02
2.612760849506746581e+02
2.603397115641129176e+02
2.592903021838745303e+02
2.581400986483824340e+02
2.569012336823172973e+02
2.555868020174610251e+02
2.542112516089099188e+02
2.527893966123695577e+02
2.513357395822140461e+02
2.498645624062568800e+02
2.483901390130652942e+02
2.469265479793249369e+02
2.454863827829633180e+02
2.440799964511018345e+02
2.427167029846796709e+02
2.414058506454090320e+02
2.401567922823305139e+02
2.389789562774577121e+02
2.378818249521110602e+02
2.368735151031106909e+02
2.359595846613547678e+02
2.351442457862416973e+02
2.344318114945890272e+02
2.338267229460749661e+02
2.333336567468965654e+02
2.329576495219100138e+02
2.327014574838741510e+02
2.325625843771791210e+02
2.325352099985358620e+02
2.326134788660118602e+02
2.327918951829133789e+02
2.330652499449899153e+02
2.334290105388135999e+02
2.338760622364889059e+02
2.343918874893907400e+02
2.349563761849877892e+02
2.355489358639268858e+02
2.361498569715552946e+02
2.367396563116277548e+02
2.372987174467426712e+02
2.378090566999870248e+02
2.382576432253990788e+02
2.386359529613348798e+02
2.389365075506369749e+02
2.391516100909830698e+02
2.392735803223234257e+02
2.392942721466991998e+02
2.392066861925439412e+02
2.390095119349945207e+02
2.387076357374706390e+02
2.383075683663250857e+02
2.378150775112202950e+02
2.372356056246296134e+02
2.365742877835244826e+02
2.358361263778369334e+02
2.350270659355797420e+02
2.341543894415077887e+02
2.332257118794964867e+02
2.322483094886068784e+02
2.312292437126973823e+02
2.301751739204588034e+02
2.290927281397920865e+02
2.279912406898694996e+02
2.268844809571080248e+02
2.257882386077390038e+02
2.247180521564015407e+02
2.236891713901498520e+02
2.227172661093400166e+02
2.218182354762947170e+02
2.210027868081607210e+02
2.202714909889716068e+02
2.196192124830551506e+02
2.190408954943258664e+02
2.185320169384197584e+02
2.180881821056816818e+02
2.177053140277118928e+02
2.173783541702134698e+02
2.170995659813561360e+02
2.168594317725838323e+02
2.166485005706063589e+02
2.164577667973504447e+02
2.162784117608200631e+02
2.161016742719764352e+02
2.159195801427165406e+02
2.157262006848383180e+02
2.155173570220626402e+02
2.152892578476408687e+02
2.150380211395529386e+02
2.147597765355290562e+02
2.144506394780478331e+02
2.141066795657570481e+02
2.137239465618969803e+02
2.132984505401965407e+02
2.128260946226353383e+02
2.123026958859409774e+02
2.117239746793566724e+02
2.110849254425082506e+02
2.103811507749385896e+02
2.096148222362920706e+02
2.087971522667673128e+02
2.079427578789143922e+02
2.070654980152588109e+02
2.061787852796473430e+02
2.052962784703813099e+02
2.044315068970387586e+02
2.035941469637475905e+02
2.027871445025133994e+02
2.020099706419366896e+02
2.012622278355097194e+02
2.005438023914057339e+02
1.998546143182967967e+02
1.991947393194241158e+02
1.985639645333218084e+02
1.979612127427019743e+02
1.973848671757276918e+02
1.968334198835025290e+02
1.963055339690267544e+02
1.958000533547947271e+02
1.953162614260390058e+02
1.948524413483963826e+02
1.944030457364919471e+02
1.939589637311392210e+02
1.935103726585566051e+02
1.930478969152213153e+02
1.925622577697449174e+02
1.920436067696964813e+02
1.914830052920218577e+02
1.908779612431449664e+02
1.902342730973010134e+02
1.895606574864066260e+02
1.888651173157450103e+02
1.881552864846575233e+02
1.874389065047290615e+02
1.867236146817526503e+02
1.860147167228768126e+02
1.853132968448586837e+02
1.846181281130211573e+02
1.839279701408977132e+02
1.832417529831642469e+02
1.825583558277550082e+02
1.818766023209447553e+02
1.811957297230883910e+02
1.805161211773050809e+02
1.798391081958922939e+02
1.791662264952585133e+02
1.784989716201724264e+02
1.778388833202207024e+02
1.771877017972399244e+02
1.765469673524326879e+02
1.759165731955645526e+02
1.752942911851677081e+02
1.746771590849882898e+02
1.740624059595814401e+02
1.734473605503359295e+02
1.728292925653396708e+02
1.722054178897509473e+02
1.715738457632041616e+02
1.709345786810715424e+02
1.702887784096973292e+02
1.696376202033785319e+02
1.689821379468137650e+02
1.683233377538553839e+02
1.676622152408353372e+02
1.669996610192858384e+02
1.663362364906569724e+02
1.656721546644754994e+02
1.650075187683036688e+02
1.643424457622265891e+02
1.636770553408236140e+02
1.630114576708924119e+02
1.623457675921723080e+02
1.616801716568333802e+02
1.610150037754087009e+02
1.603506889859307307e+02
1.596876685649032197e+02
1.590263837987952229e+02
1.583672901507395636e+02
1.577109026738447142e+02
1.570576568381872846e+02
1.564074592700786184e+02
1.557595742833308350e+02
1.551130574105004314e+02
1.544670204571110617e+02
1.538205995658687186e+02
1.531729053625947188e+02
1.525229798872607603e+02
1.518701803166662216e+02
1.512147558985547562e+02
1.505576537217202144e+02
1.498999034398486003e+02
1.492424498840414913e+02
1.485862139516390528e+02
1.479321439959694260e+02
1.472811994823542250e+02
1.466339305371564024e+02
1.459901087406540512e+02
1.453490780282631079e+02
1.447102069209064439e+02
1.440729241704490278e+02
1.434366734086234487e+02
1.428008965791211722e+02
1.421650629191602491e+02
1.415288777098299136e+02
1.408923936768242129e+02
1.402558152591109319e+02
1.396193232078380220e+02
1.389830786713035025e+02
1.383472353558782402e+02
1.377119444064708773e+02
1.370773385960357587e+02
1.364434722877595050e+02
1.358102916461636482e+02
1.351776986760859245e+02
1.345455955274912583e+02
1.339138819462862102e+02
1.332824514277089349e+02
1.326511749865404397e+02
1.320199323877155280e+02
1.313887857763900229e+02
1.307580616623983474e+02
1.301281917413975862e+02
1.294995831983081871e+02
1.288726297326324470e+02
1.282477203470799623e+02
1.276252616700066795e+02
1.270056659403668959e+02
1.263891380785337049e+02
1.257755209191529389e+02
1.251644795414984941e+02
1.245557033324136569e+02
1.239489091096934885e+02
1.233438252558298842e+02
1.227401835157925660e+02
1.221377089481144651e+02
1.215361979638198022e+02
1.209356193819425869e+02
1.203360683293392981e+02
1.197376503218245176e+02
1.191404529577890656e+02
1.185445582281475936e+02
1.179500465604774462e+02
1.173569944898540740e+02
1.167654742749705292e+02
1.161755356669420536e+02
1.155871987005358505e+02
1.150004755504908474e+02
1.144153814212139935e+02
1.138319336786954068e+02
1.132501507695022838e+02
1.126700536421259073e+02
1.120916671007278893e+02
1.115150099167917830e+02
1.109400757223891389e+02
1.103668446016148152e+02
1.097952944529538399e+02
1.092254079683477954e+02
1.086571692988247833e+02
1.080905650517454291e+02
1.075255844596603367e+02
1.069622177163732317e+02
1.064004517583209548e+02
1.058402615096636339e+02
1.052816147676865057e+02
1.047244804038347610e+02
1.041688297889597266e+02
1.036146328619134920e+02
1.030618614587298794e+02
1.025104845917531833e+02
1.019604702889352694e+02
1.014117903861046699e+02
1.008644257231548238e+02
1.003183584684742584e+02
9.977356686396721841e+01
9.923002261885578434e+01
9.868769191043416811e+01
9.814653456702646395e+01
9.760649153460502703e+01
9.706748378237271879e+01
9.652951441524773202e+01
9.599277575943790453e+01
9.545757720742510344e+01
9.492421772406771652e+01
9.439297749036632013e+01
9.386413327810637952e+01
9.333796074022295386e+01
9.281475099564289621e+01
9.229484288540594150e+01
9.177847847905701428e+01
9.126553938279590739e+01
9.075559365483839258e+01
9.024817538360605340e+01
8.974287560739431058e+01
8.923930368212724318e+01
8.873707583996124981e+01
8.823581177194556346e+01
8.773508673273784098e+01
8.723448039948456767e+01
8.673387558646315654e+01
8.623361893214087104e+01
8.573423215974786160e+01
8.523617245943790977e+01
8.473985648406639370e+01
8.424568819152190713e+01
8.375406088794773041e+01
8.326538111436619261e+01
8.278010495212534181e+01
8.229858050566014072e+01
8.182074656859860795e+01
8.134619568199394735e+01
8.087448617402188233e+01
8.040524607939326529e+01
7.993812902768155482e+01
7.947280108619956707e+01
7.900893710584983864e+01
7.854619737285560177e+01
7.808421845453854360e+01
7.762278647563775280e+01
7.716201132118877126e+01
7.670218216759006680e+01
7.624355912141032832e+01
7.578636435905437452e+01
7.533080473814817424e+01
7.487707571688758890e+01
7.442536762685247709e+01
7.397587928650382594e+01
7.352881012707648267e+01
7.308425319486022431e+01
7.264213729019037658e+01
7.220232964880302973e+01
7.176471655953761797e+01
7.132920446853411534e+01
7.089570265517650682e+01
7.046412640644945213e+01
7.003439361652083051e+01
6.960641380000527079e+01
6.918010378710070540e+01
6.875543857995356234e+01
6.833246610718543934e+01
6.791125752129083537e+01
6.749187100725850996e+01
6.707435724757068840e+01
6.665876793457063343e+01
6.624515242133288950e+01
6.583356095920538564e+01
6.542405574393193035e+01
6.501669032063867348e+01
6.461145592076741195e+01
6.420827342725267783e+01
6.380704746469808697e+01
6.340769622963608754e+01
6.301014518411977861e+01
6.261431955878138922e+01
6.222014579024767045e+01
6.182754526390191074e+01
6.143642418945876926e+01
6.104669954293298417e+01
6.065837913404462256e+01
6.027155882205548210e+01
5.988635139197764801e+01
5.950284689133587790e+01
5.912112484156168790e+01
5.874126256839876703e+01
5.836333077552133375e+01
5.798740264932030897e+01
5.761355666622048233e+01
5.724186084696057009e+01
5.687233220582936610e+01
5.650493429380009047e+01
5.613962385982528502e+01
5.577637096307941533e+01
5.541515127212444014e+01
5.505594602998547771e+01
5.469873914382755231e+01
5.434352112812035784e+01
5.399028766014789937e+01
5.363903540465663866e+01
5.328973625030402417e+01
5.294233977056582319e+01
5.259679628738659574e+01
5.225306122248455409e+01
5.191109493230257499e+01
5.157085978398010440e+01
5.123232024501182025e+01
5.089543985884377975e+01
5.056018222226467884e+01
5.022651234299967626e+01
4.989440685318943025e+01
4.956384986865292319e+01
4.923482425451734912e+01
4.890731047129908404e+01
4.858128486234310373e+01
4.825671868619487270e+01
4.793357992567212023e+01
4.761182542510400140e+01
4.729139318716602247e+01
4.697223396135488116e+01
4.665439079195419936e+01
4.633799539855399985e+01
4.602318597611030526e+01
4.571007627940832663e+01
4.539877390187849215e+01
4.508938270507915291e+01
4.478200719364940596e+01
4.447675967084991555e+01
4.417378496783548769e+01
4.387319990575924322e+01
4.357496976250618559e+01
4.327892235426893563e+01
4.298487536236156359e+01
4.269268704737716291e+01
4.240222744446336378e+01
4.211337608260489418e+01
4.182601645219561703e+01
4.154002897318063248e+01
4.125527536528537809e+01
4.097163919049094716e+01
4.068911275886613055e+01
4.040778735992196857e+01
4.012775990584929531e+01
3.984910090787892045e+01
3.957186754457441680e+01
3.929611317234847689e+01
3.902188635089582647e+01
3.874923219409681252e+01
3.847820114500133570e+01
3.820883373289615292e+01
3.794113846271589097e+01
3.767509107704216831e+01
3.741066801023677613e+01
3.714785093341767208e+01
3.688662634664701301e+01
3.662698157253535669e+01
3.636890503171298406e+01
3.611238693082667339e+01
3.585741898316301501e+01
3.560399439088882900e+01
3.535210110178478971e+01
3.510172569575446033e+01
3.485285416274702186e+01
3.460547444994840305e+01
3.435957359271743172e+01
3.411513989633625243e+01
3.387216042948270456e+01
3.363062330652225995e+01
3.339051052785987395e+01
3.315180912129872581e+01
3.291452099309381651e+01
3.267866087894203986e+01
3.244424531602088280e+01
3.221128715109465190e+01
3.197980119394852139e+01
3.174980140974447806e+01
3.152130405805887392e+01
3.129433210390210718e+01
3.106892187551363094e+01
3.084510137231686144e+01
3.062283418576069849e+01
3.040202631080368789e+01
3.018258353837059360e+01
2.996442689143746563e+01
2.974747957074974636e+01
2.953166427381280101e+01
2.931690243970768250e+01
2.910310257178332449e+01
2.889013769006828269e+01
2.867790424158123486e+01
2.846644870451682507e+01
2.825595114346410242e+01
2.804659090777769848e+01
2.783850889734024037e+01
2.763183397992455070e+01
2.742669276463317729e+01
2.722320930996793109e+01
2.702152414499844824e+01
2.682182688750658173e+01
2.662427371599342507e+01
2.642880287543901119e+01
2.623515863328190534e+01
2.604308894256497098e+01
2.585239949239852209e+01
2.566291551418949624e+01
2.547446900972123274e+01
2.528689507158936323e+01
2.510001675440199165e+01
2.491360144261904708e+01
2.472745493300179120e+01
2.454162154899593773e+01
2.435635455599981114e+01
2.417190100807849618e+01
2.398844567143664364e+01
2.380614937957158972e+01
2.362516809551572194e+01
2.344564854328890391e+01
2.326775111464888468e+01
2.309168704169145059e+01
2.291763197604645796e+01
2.274553768427593425e+01
2.257516186182364137e+01
2.240626679233268703e+01
2.223867695800405642e+01
2.207223770783301120e+01
2.190680081227426967e+01
2.174222458286610404e+01
2.157835737519956965e+01
2.141499999171823276e+01
2.125198502787998933e+01
2.108934492450966758e+01
2.092728366113151139e+01
2.076599726097281717e+01
2.060562650757362846e+01
2.044629430228976119e+01
2.028811851799004273e+01
2.013120757839017116e+01
1.997568162519434409e+01
1.982169994660431911e+01
1.966939646083891091e+01
1.951873553634029435e+01
1.936953683839119478e+01
1.922162994150055582e+01
1.907489170028703285e+01
1.892921371853878654e+01
1.878449607761677242e+01
1.864064499286245535e+01
1.849755789812657270e+01
1.835510915013767175e+01
1.821318822121662606e+01
1.807180574206358159e+01
1.793107421008007663e+01
1.779109854942298696e+01
1.765194934125595694e+01
1.751368667014801872e+01
1.737636497470075625e+01
1.724003305531514485e+01
1.710474265677398620e+01
1.697056040526921450e+01
1.683754352066585724e+01
1.670567951256347072e+01
1.657490017288401063e+01
1.644514219730606541e+01
1.631636178465705811e+01
1.618851838517629460e+01
1.606157765350643984e+01
1.593550775071552650e+01
1.581027415458810381e+01
1.568583434417330125e+01
1.556215261607269973e+01
1.543922841242907396e+01
1.531708709797745982e+01
1.519575571091219501e+01
1.507524918869355801e+01
1.495557850456377125e+01
1.483675598698424380e+01
1.471878767972078883e+01
1.460168652095629227e+01
1.448546569885213486e+01
1.437013620633805111e+01
1.425569151203626816e+01
1.414211030762518284e+01
1.402937180071614520e+01
1.391746220065358663e+01
1.380636771175869271e+01
1.369607658796869032e+01
1.358657804929042534e+01
1.347786164232777217e+01
1.336991544134945897e+01
1.326272718339600942e+01
1.315629229013958224e+01
1.305060851475700545e+01
1.294567167119580198e+01
1.284147857409581306e+01
1.273802396157784145e+01
1.263530119110592764e+01
1.253330478846664420e+01
1.243202720651118121e+01
1.233145671830853907e+01
1.223158497941284217e+01
1.213241033291597937e+01
1.203394126164689304e+01
1.193618206338856780e+01
1.183913841117743715e+01
1.174281035001611073e+01
1.164719979651694537e+01
1.155230786042591085e+01
1.145813653116675646e+01
1.136468751216858664e+01
1.127196363924033307e+01
1.117996031150701697e+01
1.108867221034462958e+01
1.099808964287043977e+01
1.090821021315694672e+01
1.081902863619409771e+01
1.073054279052415083e+01
1.064275229836748338e+01
1.055565711376877580e+01
1.046926518506032622e+01
1.038358010596982339e+01
1.029859039012445976e+01
1.021426930528854449e+01
1.013059107522395763e+01
1.004753806770219526e+01
9.965092079622719368e+00
9.883236982513434299e+00
9.801953715641968046e+00
9.721225894215208996e+00
9.641023169068077436e+00
9.561323505156931191e+00
9.482128373285114264e+00
9.403464888485405737e+00
9.325351638208442040e+00
9.247803429556139321e+00
9.170827439490754074e+00
9.094434610765409488e+00
9.018630470954033029e+00
8.943422814091794848e+00
8.868823614366895924e+00
8.794842963666996027e+00
8.721474812797030296e+00
8.648703877711879429e+00
8.576517688834497832e+00
8.504904617485131268e+00
8.433858204290221039e+00
8.363372618085634258e+00
8.293440007966164984e+00
8.224057910041313590e+00
8.155220735370447116e+00
8.086926761801278118e+00
8.019169479863988315e+00
7.951938561429678032e+00
7.885224505015285601e+00
7.819021797425937947e+00
7.753319951972862611e+00
7.688115472074752432e+00
7.623397671255712105e+00
7.559160166793999380e+00
7.495389922473371769e+00
7.432078356549496334e+00
7.369222460388556328e+00
7.306830167847833124e+00
7.244907105139382963e+00
7.183453546108225396e+00
7.122471827681057022e+00
7.061961601817259293e+00
7.001921528887273816e+00
6.942351676350533296e+00
6.883251753855885724e+00
6.824620989397951476e+00
6.766456140690299215e+00
6.708755155092741340e+00
6.651512669632870356e+00
6.594728009012138514e+00
6.538394976230948785e+00
6.482513759468146120e+00
6.427079684607594601e+00
6.372089735505272579e+00
6.317541228722892477e+00
6.263430609942022720e+00
6.209756607930753347e+00
6.156517468970610807e+00
6.103712951962765310e+00
6.051342925618351742e+00
5.999405695470155564e+00
5.947902046425653566e+00
5.896832551308034631e+00
5.846199215884156253e+00
5.796011158681523945e+00
5.746274326053329773e+00
5.696979242901985430e+00
5.648103998836268680e+00
5.599630816587629845e+00
5.551546923653357446e+00
5.503839543623017860e+00
5.456497696771128503e+00
5.409509942340284816e+00
5.362862635163975433e+00
5.316535594223547712e+00
5.270512815078832070e+00
5.224795198046609634e+00
5.179403099887748496e+00
5.134350491080264867e+00
5.089647570120705566e+00
5.045297384785291328e+00
5.001307397252543474e+00
4.957681060278360086e+00
4.914425649162378562e+00
4.871548310875899013e+00
4.829058356340054203e+00
4.786951009633177101e+00
4.745211059030006950e+00
4.703823484570214930e+00
4.662781380630261374e+00
4.622077290005638162e+00
4.581703110643005061e+00
4.541653827014331846e+00
4.501921841678430347e+00
4.462495342969261536e+00
4.423367507203825433e+00
4.384536706242458948e+00
4.346011904086726219e+00
4.307797010489332834e+00
4.269897614039861011e+00
4.232310484737186407e+00
4.195042900410631326e+00
4.158094607016272981e+00
4.121470852855078526e+00
4.085179144654879302e+00
4.049228338987266085e+00
4.013609662486669727e+00
3.978303361145231420e+00
3.943293617550067243e+00
3.908565483847860733e+00
3.874110286807246339e+00
3.839917505874596682e+00
3.805973454135696432e+00
3.772265892542230770e+00
3.738765528625526802e+00
3.705449483978402458e+00
3.672328924022700836e+00
3.639437551977388718e+00
3.606803657032281674e+00
3.574446314444293282e+00
3.542374846719870352e+00
3.510609092112264573e+00
3.479157454525035664e+00
3.448044395209731050e+00
3.417302739867986716e+00
3.386966337406456695e+00
3.357015195382699879e+00
3.327396402595080627e+00
3.298062593672251186e+00
3.268989517059817995e+00
3.240150297082365238e+00
3.211527887501991252e+00
3.183096261905467461e+00
3.154832533161789687e+00
3.126690806338920936e+00
3.098632891673971823e+00
3.070671045978986768e+00
3.042860558371793811e+00
3.015240522086692465e+00
2.987831023464500912e+00
2.960652810637442123e+00
2.933723251145155864e+00
2.907054660794819334e+00
2.880667436390921932e+00
2.854594651651726434e+00
2.828865489527014443e+00
2.803466303969859741e+00
2.778355058652070220e+00
2.753494085658395374e+00
2.728867480579676652e+00
2.704458299555105860e+00
2.680253129183278737e+00
2.656236236204906120e+00
2.632394284318782862e+00
2.608701562378126670e+00
2.585140308880986115e+00
2.561710928896448358e+00
2.538439382117724907e+00
2.515345895442602231e+00
2.492436624565602443e+00
2.469718565328576254e+00
2.447197394089704492e+00
2.424881751937709495e+00
2.402773157817618355e+00
2.380890294087505854e+00
2.359244611297736327e+00
2.337825096423299165e+00
2.316615374313162334e+00
2.295594499223859053e+00
2.274756721951216143e+00
2.254089739954200589e+00
2.233588378116515116e+00
2.213239782960961577e+00
2.193036759735056407e+00
2.172953806545760091e+00
2.152975768483233132e+00
2.133107387232348717e+00
2.113379274118549755e+00
2.093810069886483660e+00
2.074412496086871283e+00
2.055195009506607384e+00
2.036167643037169572e+00
2.017340548894449803e+00
1.998725934959246331e+00
1.980350860704984672e+00
1.962240467367604602e+00
1.944379655668888374e+00
1.926726593776707075e+00
1.909252765423302245e+00
1.891939534482711904e+00
1.874772542639693729e+00
1.857738162734699827e+00
1.840821422827161546e+00
1.824007401970491493e+00
1.807262721620185753e+00
1.790562999720712423e+00
1.773917231934829530e+00
1.757363567766578871e+00
1.740925969602386658e+00
1.724621116763279005e+00
1.708456762732551537e+00
1.692444850709175164e+00
1.676591104139029564e+00
1.660911375575133464e+00
1.645422434177129745e+00
1.630145526043958792e+00
1.615070435991472042e+00
1.600170076042038536e+00
1.585421812942204856e+00
1.570815895460259570e+00
1.556344264590068471e+00
1.541996021888098367e+00
1.527765616563881323e+00
1.513645163214568656e+00
1.499617105026109121e+00
1.485671404393202666e+00
1.471809092045515799e+00
1.458047433604812593e+00
1.444393928622975665e+00
1.430858083469050746e+00
1.417439424845276408e+00
1.404144563791711375e+00
1.390973525612876571e+00
1.377933468992069477e+00
1.365030736127807787e+00
1.352273378470064236e+00
1.339655194740694721e+00
1.327166494130951335e+00
1.314794176574568096e+00
1.302533472637959155e+00
1.290381012822811702e+00
1.278332250964841377e+00
1.266380524943175878e+00
1.254522919545906445e+00
1.242748781974578165e+00
1.231046829908850615e+00
1.219423680758024542e+00
1.207888967657347878e+00
1.196449419429951089e+00
1.185109792606503065e+00
1.173870491347582590e+00
1.162736112606830963e+00
1.151705764951080013e+00
1.140784798196913474e+00
1.129974211032785947e+00
1.119282306903374380e+00
1.108702516158404094e+00
1.098232035000157536e+00
1.087863241883193277e+00
1.077596432290001349e+00
1.067425485502847327e+00
1.057352647683339919e+00
1.047376095593338663e+00
1.037493118429430261e+00
1.027706915307822877e+00
1.018018825156987717e+00
1.008423696551078441e+00
9.989198087629197476e-01
9.895003463439351332e-01
9.801636375148743419e-01
9.709077956784243346e-01
9.617303293435470746e-01
9.526271672370073551e-01
9.435989212291145956e-01
9.346328503008118904e-01
9.257266563056527620e-01
9.168796329753881036e-01
9.081042465585513757e-01
8.994021640194602707e-01
8.907768988662176923e-01
8.822291102817365616e-01
8.737657804206816481e-01
8.653810828845537317e-01
8.570810759915048482e-01
8.488681219004486911e-01
8.407478053397523521e-01
8.327167908544277353e-01
8.247677402864611595e-01
8.168952770584450018e-01
8.090999096268867152e-01
8.013745988251644858e-01
7.937206516424430980e-01
7.861360435823202542e-01
7.786139295012137751e-01
7.711556849255997159e-01
7.637554620954869478e-01
7.564123238849389530e-01
7.491347897661791988e-01
7.419210057181327977e-01
7.347747246704614543e-01
7.276960874632555365e-01
7.206864244584596513e-01
7.137448415627196674e-01
7.068752951444738919e-01
7.000791493194922221e-01
6.933642906244675830e-01
6.867243429664847687e-01
6.801516894632348986e-01
6.736411259143305630e-01
6.671948187203838865e-01
6.608057687307686834e-01
6.544717320565877072e-01
6.481949460493185988e-01
6.419699387942955360e-01
6.357916033763296726e-01
6.296563577365679176e-01
6.235679706098188335e-01
6.175253417139147105e-01
6.115365248716637669e-01
6.056011157052111349e-01
5.997183478691456848e-01
5.938921191142180200e-01
5.881173187189786544e-01
5.823980665961522307e-01
5.767335668499816714e-01
5.711261323217955432e-01
5.655717274359862712e-01
5.600728407795455555e-01
5.546241353932193086e-01
5.492298880600010591e-01
5.438869115909776841e-01
5.385938741098839078e-01
5.333495846583081734e-01
5.281571138798801801e-01
5.230144835254786351e-01
5.179177276620694492e-01
5.128691125026170194e-01
5.078704580368723631e-01
5.029177972160107091e-01
4.980149842881534950e-01
4.931572032599709776e-01
4.883462034492581649e-01
4.835826124296085937e-01
4.788656143437491908e-01
4.741956530567467687e-01
4.695768311077302970e-01
4.650028560299601099e-01
4.604756045831294720e-01
4.559880547856436928e-01
4.515450664210278742e-01
4.471429929777109846e-01
4.427810024468902261e-01
4.384566126169022193e-01
4.341724195336787440e-01
4.299231865327367563e-01
4.257082526290932867e-01
4.215239360964302406e-01
4.173812269567993005e-01
4.132733712189853303e-01
4.092053288058422056e-01
4.051749396183034757e-01
4.011837536706338581e-01
3.972319000744160000e-01
3.933195934016606721e-01
3.894496010951598586e-01
3.856197281146866995e-01
3.818328949410989548e-01
3.780848018888636752e-01
3.743717985963763706e-01
3.706968221609581171e-01
3.670541474036446705e-01
3.634482645089732733e-01
3.598722271782331394e-01
3.563302426522669264e-01
3.528156035957004111e-01
3.493319543587104503e-01
3.458749942644276931e-01
3.424511510543468695e-01
3.390572153867798533e-01
3.356973223358949987e-01
3.323672259817543884e-01
3.290712775818744884e-01
3.258080789652891829e-01
3.225756324563866517e-01
3.193794780819226298e-01
3.162195268695306982e-01
3.130910283020896245e-01
3.099941565300485258e-01
3.069306033746694862e-01
3.038934968288164451e-01
3.008856524607765870e-01
2.979077208735204652e-01
2.949562459333737174e-01
2.920327249861958685e-01
2.891321644457899853e-01
2.862554646773116662e-01
2.834027763298863078e-01
2.805754015241799237e-01
2.777726067458918813e-01
2.749999753437178951e-01
2.722513622208706519e-01
2.695341892939457362e-01
2.668440126398404777e-01
2.641828966754267705e-01
2.615503321933140835e-01
2.589517003857160771e-01
2.563835341518346800e-01
2.538421673890666197e-01
2.513276396721790817e-01
2.488366784454027480e-01
2.463696713338350830e-01
2.439268374178971688e-01
2.415033111539001132e-01
2.390998229107328121e-01
2.367158495599434309e-01
2.343469834514473327e-01
2.319958273190617093e-01
2.296658511857681551e-01
2.273546021980573373e-01
2.250691045683010927e-01
2.228024880039427835e-01
2.205590746835159877e-01
2.183400648139398326e-01
2.161435035754556422e-01
2.139729172713480676e-01
2.118304520251144962e-01
2.097133996341585260e-01
2.076198865766974988e-01
2.055456176390390577e-01
2.034942858576462565e-01
2.014609443159558755e-01
1.994466886565171571e-01
1.974510395720970035e-01
1.954730191567594644e-01
1.935117143863940570e-01
1.915639581908693545e-01
1.896320971521211207e-01
1.877143067480930849e-01
1.858162982077476988e-01
1.839367653412958270e-01
1.820753064073884486e-01
1.802324320149901182e-01
1.784069065051530345e-01
1.766016354638801078e-01
1.748140123287569847e-01
1.730472623971050783e-01
1.712992954251069677e-01
1.695700393277591311e-01
1.678563407590780154e-01
1.661633233847047975e-01
1.644857680398833510e-01
1.628262085064819675e-01
1.611819561267143763e-01
1.595561229705378392e-01
1.579472541401732988e-01
1.563537542849199879e-01
1.547792747795135870e-01
1.532230058226247416e-01
1.516776784542363254e-01
1.501497985692241965e-01
1.486353689816316825e-01
1.471338568423356807e-01
1.456477376526062739e-01
1.441751860964715637e-01
1.427125218428725584e-01
1.412621277382994367e-01
1.398219042776540633e-01
1.383954201633550984e-01
1.369808857776161903e-01
1.355823327002571854e-01
1.341949416619172275e-01
1.328232243925924760e-01
1.314645078663190247e-01
1.301218336261776298e-01
1.287958536574624890e-01
1.274863289198421845e-01
1.261922742490741434e-01
1.249126453957251914e-01
1.236477107533651559e-01
1.223932780547541399e-01
1.211517988851918692e-01
1.199236117942090174e-01
1.187063745938835152e-01
1.175026973846868966e-01
1.163071432262275939e-01
1.151213752732338225e-01
1.139473854503422340e-01
1.127836834997702764e-01
1.116308496682137802e-01
1.104907722567763095e-01
1.093590750047378213e-01
1.082423158933675800e-01
1.071307471954546647e-01
1.060339784749816661e-01
1.049477528104773016e-01
1.038719972969130989e-01
1.028054200771671145e-01
1.017516715322440840e-01
1.007078703822582161e-01
9.967563490690628525e-02
9.865001240582743636e-02
9.763984517585805323e-02
9.663614910940969416e-02
9.564430508054184987e-02
9.466292159099279346e-02
9.369336427823285463e-02
9.273188390736586406e-02
9.178275773605011623e-02
9.084377449995971465e-02
8.991001137755674777e-02
8.898847253620870146e-02
8.807728280682800004e-02
8.717382728216535592e-02
8.627798706408315588e-02
8.539299669681112148e-02
8.451339182230227509e-02
8.364061955581039709e-02
8.277950223172533817e-02
8.192314607658422732e-02
8.107717455184068611e-02
8.023939425680683135e-02
7.941152377019207453e-02
7.859136976035190070e-02
7.778115688292490393e-02
7.697675357231514859e-02
7.618394351483581683e-02
7.539861697697120002e-02
7.462063488073986117e-02
7.385347339441608594e-02
7.309236897689622148e-02
7.233933687377767929e-02
7.159260320139372580e-02
7.085613175592711532e-02
7.012213581900965387e-02
6.939766841877341441e-02
6.868000797793269441e-02
6.796734866523065910e-02
6.726237038179169736e-02
6.656469318295184234e-02
6.587521516458631765e-02
6.519017455181080889e-02
6.451441006628741426e-02
6.384368583050621659e-02
6.318220772750400560e-02
6.252691197216250774e-02
6.188084538167169107e-02
6.124298393800854667e-02
6.061200712363557647e-02
5.998540611454807742e-02
5.936637908632743516e-02
5.875370208539156675e-02
5.814563264744700838e-02
5.754515132404806887e-02
5.694813136623286948e-02
5.635804282499803225e-02
5.577080896240900476e-02
5.518671954819779485e-02
5.460886655817415170e-02
5.403632916866103753e-02
5.346957090114438926e-02
5.290978198725795889e-02
5.235557292415872477e-02
5.180809829602338323e-02
5.126606687649748473e-02
5.072969945663270697e-02
5.020171655163285784e-02
4.968037136032071172e-02
4.916728753040109506e-02
4.865549743225108109e-02
4.815228292236140711e-02
4.765223775676028645e-02
4.715969069264013686e-02
4.666783770481332944e-02
4.618369438326590942e-02
4.570221332299445605e-02
4.522354482691942623e-02
4.474842913525302335e-02
4.427735825082935311e-02
4.381174011018196951e-02
4.335041497957460577e-02
4.289509820391374656e-02
4.244188134646587063e-02
4.199476430502338542e-02
4.155376177543303184e-02
4.111783561921632940e-02
4.068682816451772710e-02
4.026303414983700008e-02
3.984337575785823482e-02
3.942596865526054595e-02
3.901501817574826170e-02
3.860701442729337629e-02
3.820559905943705925e-02
3.780482322585369814e-02
3.741022534375743058e-02
3.702011687177970273e-02
3.663285106517207013e-02
3.624753181385157591e-02
3.586747606528645216e-02
3.549163072694544452e-02
3.511735787634789885e-02
3.474874142669662214e-02
3.438420148115152453e-02
3.402131548356659291e-02
3.366360823264657326e-02
3.330935258326338938e-02
3.295571835274384992e-02
3.260887618453946202e-02
3.226393105710342185e-02
3.192422216052087647e-02
3.158592469922007900e-02
3.125301490084994582e-02
3.092327868782948283e-02
3.059542181654655024e-02
3.027179134954619336e-02
2.995079087421546188e-02
2.963495151323910712e-02
2.931984566978025619e-02
2.900866690610064483e-02
2.870286237521075742e-02
2.840017818671958932e-02
2.809868654857975226e-02
2.780187053180089782e-02
2.750841231975083984e-02
2.721637329370873992e-02
2.692906949443446898e-02
2.664328487382907479e-02
2.636074389719107736e-02
2.608339422577848205e-02
2.580712070374513098e-02
2.553321801808899547e-02
2.526374211965931246e-02
2.499617065316424649e-02
2.473237596071106367e-02
2.447075324018540762e-02
2.421256210059004321e-02
2.395665501543384895e-02
2.370248501514450254e-02
2.345092677364403466e-02
2.320259041415026480e-02
2.295563922316439312e-02
2.271080347024231200e-02
2.247207490273220656e-02
2.223469555342329901e-02
2.199856599983053898e-02
2.176339104471925606e-02
2.153115692140463236e-02
2.130221281960590143e-02
2.107344142950603322e-02
2.084707133158376913e-02
2.062441188638599460e-02
2.040319635050620237e-02
2.018522082811715496e-02
1.997063747904520570e-02
1.975421094106701372e-02
1.954531991051493972e-02
1.933664831720272037e-02
1.913103527903510861e-02
1.892944576422560601e-02
1.872904182696173703e-02
1.852948064313612170e-02
1.833371873345246081e-02
1.813861147870465124e-02
1.794516914719964523e-02
1.775509164163744866e-02
1.756463731422900493e-02
1.737545231930799627e-02
1.719029503117103230e-02
1.700505641258415190e-02
1.681881364148417324e-02
1.663862274602018188e-02
1.645892363103283046e-02
1.627877087673523446e-02
1.610520677189850036e-02
1.593071242663872053e-02
1.575919078948427240e-02
1.558955421156876103e-02
1.542591414241050937e-02
1.525803484709503839e-02
1.509652432321834624e-02
1.493531672486684593e-02
1.477680163244268416e-02
1.461823550273623137e-02
1.446369199404349409e-02
1.430802928172871663e-02
1.415470402742002344e-02
1.400154597895471309e-02
1.384986860665327231e-02
1.369986976300209200e-02
1.354977054406927839e-02
1.340125050530288804e-02
1.325793945212136622e-02
1.311344342313359827e-02
1.296864878497788233e-02
1.282763781442782490e-02
1.268993458523498541e-02
1.255137141041990506e-02
1.241519511486424004e-02
1.228009823845603761e-02
1.214658060605012732e-02
1.201628730060971297e-02
1.188577054037972744e-02
1.175562512279571502e-02
1.162917337064747238e-02
1.150110924110498388e-02
1.137659414892323168e-02
1.125284275558647955e-02
1.113080595851996535e-02
1.100971187546748511e-02
1.088911425341886410e-02
1.076890049958468230e-02
1.065326718225887044e-02
1.053596310835959275e-02
1.041853398670367949e-02
1.030307163269410589e-02
1.019138792354130213e-02
1.007846300284286414e-02
9.965396761195481276e-03
9.856660434778312038e-03
9.747608409037912536e-03
9.638439785972221716e-03
9.530145866721467449e-03
9.422435559818389400e-03
9.317412785810960316e-03
9.211183842021497190e-03
9.108293767965354448e-03
9.001966250857728821e-03
8.901164311596100956e-03
8.797838612406357062e-03
8.696989638798807709e-03
8.595937423969076535e-03
8.497659834697041809e-03
8.399709243517945387e-03
8.300464965489369462e-03
8.202106580270637770e-03
8.105452676980184554e-03
8.009371139277392943e-03
7.913250058410710441e-03
7.817380543864754089e-03
7.723672710568761819e-03
7.630392032975575993e-03
7.535562184639773078e-03
7.440120514881502604e-03
7.348893845415697956e-03
7.250984589308915283e-03
7.157415564749700435e-03
7.060981446498482313e-03
6.965585286437484674e-03
6.865364633297397698e-03
6.772427058197921443e-03
6.668282311751317672e-03
6.571178863697596517e-03
6.465233745121168676e-03
6.365261716822370221e-03
6.253711047394765535e-03
6.150710594277920482e-03
6.033922159715703927e-03
5.928698287778103038e-03
5.802804416768856353e-03
5.686648412972377525e-03
5.545307471636731593e-03
5.413355522609945673e-03
5.248946662095937098e-03
5.106003643022377983e-03
4.914899554442285837e-03
4.752066820210490775e-03
4.516852463313897684e-03
4.320712899392020051e-03
4.002457310626950440e-03
3.746096688894679557e-03
3.298509394203449647e-03
2.970207172657576486e-03
2.339300071968169158e-03
1.940173406986713108e-03
9.541182875697399408e-04
4.035295189410285140e-04
-1.529965989669868076e-03
-2.503766330514861291e-03
-7.266560527281684494e-03
-8.515739979891967515e-03
-2.367166118815443310e-02
-6.103014723766906138e-03
-1.447389701972070369e-02
-3.305439918195484661e-01
-2.811408139475136125e-01
