# one_loop_dd
-2.233598212685892277e-04
-2.758545518376196186e-04
-2.154182383314870767e-04
-2.249041187724475522e-04
-2.340632621560911452e-04
-2.351686399959188186e-04
-2.392584617613593252e-04
-2.419546939296856399e-04
-2.454986562385753348e-04
-2.486875213633747673e-04
-2.522240890165973731e-04
-2.556374794918510286e-04
-2.592165515158871515e-04
-2.627512630380631517e-04
-2.663928549574189953e-04
-2.700336930420803565e-04
-2.737619211460931828e-04
-2.775130511801978945e-04
-2.813374675240300085e-04
-2.852041483672839014e-04
-2.891379694378044124e-04
-2.931110829750996436e-04
-2.971465213645215191e-04
-3.012275120044802571e-04
-3.053756645164928669e-04
-3.095766530359045864e-04
-3.138333702285689550e-04
-3.181489695483275589e-04
-3.225290377287665100e-04
-3.269635487712693593e-04
-3.314644319665461473e-04
-3.360220266176892293e-04
-3.406420747195429942e-04
-3.453271616935256298e-04
-3.500786919546692135e-04
-3.548949858731870904e-04
-3.597763314224124826e-04
-3.647235794978076072e-04
-3.697416374415217499e-04
-3.748245718868450102e-04
-3.799803151733367875e-04
-3.852076165906906011e-04
-3.905060745697577491e-04
-3.958773912662457393e-04
-4.013210034652355332e-04
-4.068386859062220347e-04
-4.124357851395488118e-04
-4.181085287853003119e-04
-4.238580864361813391e-04
-4.296860388461710501e-04
-4.355944146920527550e-04
-4.415875584274015007e-04
-4.476595886407761958e-04
-4.538141366317748255e-04
-4.600575457908485412e-04
-4.663818585094983336e-04
-4.727950235434768222e-04
-4.792979361374272358e-04
-4.858869739576777351e-04
-4.925688832563021678e-04
-4.993441360916608170e-04
-5.062100753351726637e-04
-5.131686098585094401e-04
-5.202238363327832968e-04
-5.273801725684840614e-04
-5.346308069548283935e-04
-5.419798670948413992e-04
-5.494340181859753069e-04
-5.569887414070970799e-04
-5.646460325654576286e-04
-5.724091473722559605e-04
-5.802782821335396649e-04
-5.882572025097923714e-04
-5.963447735157176863e-04
-6.045442941563421244e-04
-6.128566843060220598e-04
-6.212805672135448924e-04
-6.298202047939644582e-04
-6.384801509626044768e-04
-6.472584594796070880e-04
-6.561569420709806571e-04
-6.651758602172373400e-04
-6.743184479729910901e-04
-6.835899899670201067e-04
-6.929874646992553646e-04
-7.025132197208675726e-04
-7.121686740118031867e-04
-7.219562218371541667e-04
-7.318818452945114513e-04
-7.419430456969384287e-04
-7.521395460395443938e-04
-7.624767384963264784e-04
-7.729573141689453138e-04
-7.835820450645545254e-04
-7.943502089034125630e-04
-8.052662544341452049e-04
-8.163349328226781991e-04
-8.275561520028595344e-04
-8.389276030387926748e-04
-8.504548490685099986e-04
-8.621417001531507052e-04
-8.739904860709838633e-04
-8.860032683245361003e-04
-8.981769672241352986e-04
-9.105174613673521020e-04
-9.230297592547352702e-04
-9.357121386069484036e-04
-9.485688727684381434e-04
-9.616044457600107353e-04
-9.748169536052941073e-04
-9.882085589702743322e-04
-1.001786910896526345e-03
-1.015550881399327702e-03
-1.029501328148657059e-03
-1.043645426345023034e-03
-1.057985542875307210e-03
-1.072519899732652607e-03
-1.087251601405892767e-03
-1.102188267565648062e-03
-1.117329330442801399e-03
-1.132677005734291416e-03
-1.148236958349183826e-03
-1.164008775317842709e-03
-1.179997398484139036e-03
-1.196205609874511234e-03
-1.212635142126825168e-03
-1.229291748625178753e-03
-1.246174914975594922e-03
-1.263288942228324874e-03
-1.280640524354930126e-03
-1.298228193054525503e-03
-1.316057073723065013e-03
-1.334130730295290165e-03
-1.352450922807564571e-03
-1.371023911652484049e-03
-1.389851207373315675e-03
-1.408936786821525641e-03
-1.428283452178326710e-03
-1.447892899182769578e-03
-1.467774539931555227e-03
-1.487930360581681422e-03
-1.508357840536968253e-03
-1.529066995250183631e-03
-1.550059614673256854e-03
-1.571339679004197642e-03
-1.592915118277730795e-03
-1.614781114353416088e-03
-1.636947318160864983e-03
-1.659421131988088110e-03
-1.682199755701056093e-03
-1.705290157373696254e-03
-1.728697309868653482e-03
-1.752426007412942943e-03
-1.776479197241497303e-03
-1.800861118836943929e-03
-1.825578772861894935e-03
-1.850634740304177425e-03
-1.876032254790478996e-03
-1.901777662701151011e-03
-1.927874809674634407e-03
-1.954335004277764961e-03
-1.981155192575059266e-03
-2.008333861019576984e-03
-2.035891823635367984e-03
-2.063833529580082638e-03
-2.092150504937291718e-03
-2.120849580150673767e-03
-2.149949044137235490e-03
-2.179449480546591638e-03
-2.209348719504399938e-03
-2.239657770018867178e-03
-2.270380942096931511e-03
-2.301526613166997130e-03
-2.333099507819653452e-03
-2.365101670318499154e-03
-2.397543649724021356e-03
-2.430428040354486348e-03
-2.463761199340239703e-03
-2.497554235107285990e-03
-2.531808536232603001e-03
-2.566529889988650170e-03
-2.601726618599442889e-03
-2.637405094196577406e-03
-2.673572223985049619e-03
-2.710233454265368203e-03
-2.747396147420018506e-03
-2.785067447447164401e-03
-2.823253535051071985e-03
-2.861961493722667022e-03
-2.901199169717980694e-03
-2.940973652602579119e-03
-2.981290947916252591e-03
-3.022160551556368584e-03
-3.063589107350788657e-03
-3.105582149455846097e-03
-3.148150461519353283e-03
-3.191300697695475825e-03
-3.235040523245354387e-03
-3.279378458489941219e-03
-3.324321293376462320e-03
-3.369878166302946870e-03
-3.416058413567671891e-03
-3.462871460084608177e-03
-3.510321025904533133e-03
-3.558418817685021947e-03
-3.607176097919674237e-03
-3.656597172252899156e-03
-3.706694386099627925e-03
-3.757476123628449970e-03
-3.808950301377786191e-03
-3.861128535329187792e-03
-3.914019199985033226e-03
-3.967631822709930672e-03
-4.021975198500418042e-03
-4.077061921530059606e-03
-4.132901908799228169e-03
-4.189501991214903548e-03
-4.246875175568113649e-03
-4.305032280401643180e-03
-4.363982214134863244e-03
-4.423737174403118318e-03
-4.484307586354771905e-03
-4.545704798859096299e-03
-4.607939106964692444e-03
-4.671022113153471336e-03
-4.734967446212530115e-03
-4.799784015050545527e-03
-4.865483696353947035e-03
-4.932081442922023329e-03
-4.999586649145208381e-03
-5.068012068647880994e-03
-5.137370799880542488e-03
-5.207675171442150558e-03
-5.278938736995359218e-03
-5.351173668534740455e-03
-5.424392355052425063e-03
-5.498609190549946270e-03
-5.573838837426830367e-03
-5.650093648053691568e-03
-5.727386045993728032e-03
-5.805732942027744953e-03
-5.885147843056317760e-03
-5.965642941584557886e-03
-6.047235632866535850e-03
-6.129940289562499367e-03
-6.213771367087928509e-03
-6.298744015076587766e-03
-6.384872947029661926e-03
-6.472175705092296331e-03
-6.560667885303885817e-03
-6.650364002428975178e-03
-6.741280945442182544e-03
-6.833436012321404338e-03
-6.926845943107474111e-03
-7.021526846701829465e-03
-7.117495811472126198e-03
-7.214771530708609902e-03
-7.313370397745173196e-03
-7.413310713247215841e-03
-7.514611330307232120e-03
-7.617289812960314696e-03
-7.721364129999580203e-03
-7.826853579202423805e-03
-7.933779213487703388e-03
-8.042159068891694546e-03
-8.152010437691391276e-03
-8.263355734652101311e-03
-8.376216069349323723e-03
-8.490609948611288135e-03
-8.606558243176411563e-03
-8.724082882966180397e-03
-8.843203688706984672e-03
-8.963942734207060517e-03
-9.086323854798242922e-03
-9.210366774126394276e-03
-9.336093720480751618e-03
-9.463529019754158417e-03
-9.592694575584240560e-03
-9.723614980220148321e-03
-9.856313277682056395e-03
-9.990812184277921004e-03
-1.012713635709552688e-02
-1.026531109161131147e-02
-1.040536206506696357e-02
-1.054731446391570654e-02
-1.069119177438581508e-02
-1.083702029368851030e-02
-1.098482850702094463e-02
-1.113464154278955183e-02
-1.128648585101229770e-02
-1.144039050419480390e-02
-1.159638185352919459e-02
-1.175448704852744865e-02
-1.191473677546092159e-02
-1.207715953278405002e-02
-1.224178254365888494e-02
-1.240863619268748295e-02
-1.257775193220187805e-02
-1.274915946601070521e-02
-1.292288785397617025e-02
-1.309896964952831158e-02
-1.327743764547156292e-02
-1.345832177417460689e-02
-1.364165484194024454e-02
-1.382747205943267964e-02
-1.401580319264638178e-02
-1.420668247881526347e-02
-1.440014728714520374e-02
-1.459623049674705839e-02
-1.479496589863790561e-02
-1.499639065234628123e-02
-1.520053950815732254e-02
-1.540744985182717665e-02
-1.561715945909018452e-02
-1.582970457500142841e-02
-1.604512249672612051e-02
-1.626345341831280517e-02
-1.648473627848870415e-02
-1.670900883932234515e-02
-1.693631253472892284e-02
-1.716668793212066529e-02
-1.740017546442514454e-02
-1.763681685031484592e-02
-1.787665417441852700e-02
-1.811973145090233633e-02
-1.836609085856412416e-02
-1.861577519179119511e-02
-1.886883083871864625e-02
-1.912530222327057938e-02
-1.938523441826837251e-02
-1.964867444977001082e-02
-1.991566833972251843e-02
-2.018626380268281548e-02
-2.046050915791715330e-02
-2.073845294567197572e-02
-2.102014462364487635e-02
-2.130563340873361730e-02
-2.159497127954505477e-02
-2.188820871467118956e-02
-2.218539675310228845e-02
-2.248659027282911768e-02
-2.279184143946422561e-02
-2.310120373152373466e-02
-2.341473273044603412e-02
-2.373248314101026810e-02
-2.405451178476894838e-02
-2.438087615024206456e-02
-2.471163268027394555e-02
-2.504683999691351137e-02
-2.538655839143985973e-02
-2.573084704598647271e-02
-2.607976563363296682e-02
-2.643337757720354286e-02
-2.679174521522437527e-02
-2.715492985355481836e-02
-2.752299672106782447e-02
-2.789601135092462797e-02
-2.827403788778477811e-02
-2.865714333065772987e-02
-2.904539601486844438e-02
-2.943886350936247842e-02
-2.983761406096971727e-02
-3.024171834297253655e-02
-3.065124891686218239e-02
-3.106627638111258971e-02
-3.148687238060832172e-02
-3.191311224821685721e-02
-3.234507028879397839e-02
-3.278282187971510997e-02
-3.322644479062630829e-02
-3.367601655680141359e-02
-3.413161364202400849e-02
-3.459331731146157718e-02
-3.506121003236695871e-02
-3.553537111091698009e-02
-3.601588404405715871e-02
-3.650283386205468300e-02
-3.699630390382235845e-02
-3.749638095288860412e-02
-3.800315275989334801e-02
-3.851670703599820167e-02
-3.903713402391141563e-02
-3.956452387886345845e-02
-4.009896760321782910e-02
-4.064055976039710610e-02
-4.118939406405247583e-02
-4.174556496648796494e-02
-4.230917023470263938e-02
-4.288030796285523943e-02
-4.345907675687463168e-02
-4.404557666194758303e-02
-4.463990943581309240e-02
-4.524217971307526592e-02
-4.585249081121651332e-02
-4.647094771371142879e-02
-4.709765868266385658e-02
-4.773273172339063952e-02
-4.837627619392664141e-02
-4.902840453548853311e-02
-4.968922852229287757e-02
-5.035886237560954770e-02
-5.103742219230567034e-02
-5.172502424715019059e-02
-5.242178748535819555e-02
-5.312783245012184241e-02
-5.384327969743749054e-02
-5.456825356818694600e-02
-5.530287871246958309e-02
-5.604728055818788968e-02
-5.680158780054672674e-02
-5.756592989789560688e-02
-5.834043834614545398e-02
-5.912524642400877883e-02
-5.992048788888554300e-02
-6.072629933328114321e-02
-6.154281950438077881e-02
-6.237018784888796047e-02
-6.320854614987234110e-02
-6.405803761263560714e-02
-6.491880755003277825e-02
-6.579100323188269428e-02
-6.667477337777671931e-02
-6.757026910044729162e-02
-6.847764324868180208e-02
-6.939705029771064959e-02
-7.032864645387622293e-02
-7.127259147789750948e-02
-7.222904581399437751e-02
-7.319817141831932994e-02
-7.418013338474355178e-02
-7.517509889799456335e-02
-7.618323718959918445e-02
-7.720471837906511814e-02
-7.823971639194257643e-02
-7.928840712451540318e-02
-8.035096700260188629e-02
-8.142757710435553908e-02
-8.251841947485558104e-02
-8.362367779758320130e-02
-8.474353964584185883e-02
-8.587819382825670478e-02
-8.702783152787273158e-02
-8.819264748321438419e-02
-8.937283764188254376e-02
-9.056860056554819072e-02
-9.178013802924051001e-02
-9.300765387788414995e-02
-9.425135394456103655e-02
-9.551144757075971659e-02
-9.678814662705401139e-02
-9.808166515658681139e-02
-9.939221949044096949e-02
-1.007200295692150804e-01
-1.020653186094474529e-01
-1.034283110345342455e-01
-1.048092342865121762e-01
-1.062083200397404559e-01
-1.076258016173524956e-01
-1.090619155229669845e-01
-1.105169015214748363e-01
-1.119910018879583663e-01
-1.134844619099033280e-01
-1.149975304750744942e-01
-1.165304595650310943e-01
-1.180835038335784209e-01
-1.196569203179278507e-01
-1.212509707816716853e-01
-1.228659201955628610e-01
-1.245020350526456487e-01
-1.261595867253137992e-01
-1.278388501195627525e-01
-1.295401014246204130e-01
-1.312636226176837895e-01
-1.330096986619531685e-01
-1.347786170271252915e-01
-1.365706691825546160e-01
-1.383861504305372858e-01
-1.402253598888320019e-01
-1.420885999430105961e-01
-1.439761764357600504e-01
-1.458883996178768072e-01
-1.478255827344246709e-01
-1.497880433976419012e-01
-1.517761043550544531e-01
-1.537900899508388708e-01
-1.558303288732640901e-01
-1.578971560499514981e-01
-1.599909084296527451e-01
-1.621119271137201334e-01
-1.642605585282743141e-01
-1.664371518403396921e-01
-1.686420613709925798e-01
-1.708756471195872206e-01
-1.731382708790495939e-01
-1.754302989179009620e-01
-1.777521043767557041e-01
-1.801040640675608817e-01
-1.824865576333326023e-01
-1.848999705376886404e-01
-1.873446931816988570e-01
-1.898211204224618809e-01
-1.923296519528924775e-01
-1.948706917865456190e-01
-1.974446490881502925e-01
-2.000519384767619480e-01
-2.026929794192834922e-01
-2.053681957899952115e-01
-2.080780166540847631e-01
-2.108228768802946629e-01
-2.136032162754723518e-01
-2.164194796373843099e-01
-2.192721172283380593e-01
-2.221615852356645382e-01
-2.250883442751029084e-01
-2.280528612401852839e-01
-2.310556090700559007e-01
-2.340970647881640276e-01
-2.371777124273800885e-01
-2.402980413778909863e-01
-2.434585461129862294e-01
-2.466597280917719737e-01
-2.499020944991612037e-01
-2.531861581266209305e-01
-2.565124372989974200e-01
-2.598814583767196096e-01
-2.632937530859837949e-01
-2.667498577673240168e-01
-2.702503176132294849e-01
-2.737956835489215868e-01
-2.773865116695665711e-01
-2.810233663376950353e-01
-2.847068182500640532e-01
-2.884374438822563946e-01
-2.922158272519385647e-01
-2.960425594560998075e-01
-2.999182380451687058e-01
-3.038434675081923553e-01
-3.078188590731747998e-01
-3.118450314457624217e-01
-3.159226104874514052e-01
-3.200522286468360234e-01
-3.242345263348366258e-01
-3.284701519066783870e-01
-3.327597606669824848e-01
-3.371040154374225772e-01
-3.415035869642663591e-01
-3.459591541532958114e-01
-3.504714036877291661e-01
-3.550410303081739105e-01
-3.596687369602800666e-01
-3.643552345268735726e-01
-3.691012420438425368e-01
-3.739074873706340618e-01
-3.787747067707619153e-01
-3.837036439659620157e-01
-3.886950520387295605e-01
-3.937496930566420361e-01
-3.988683362537281396e-01
-4.040517603034428085e-01
-4.093007530424345175e-01
-4.146161107607518326e-01
-4.199986389934916020e-01
-4.254491526863631301e-01
-4.309684761398931419e-01
-4.365574429863077199e-01
-4.422168961001358700e-01
-4.479476878956063501e-01
-4.537506808180220008e-01
-4.596267468494315001e-01
-4.655767681389204604e-01
-4.716016366482910782e-01
-4.777022538605322222e-01
-4.838795322571337043e-01
-4.901343946500290594e-01
-4.964677734526716790e-01
-5.028806120688114056e-01
-5.093738647768096817e-01
-5.159484959063227461e-01
-5.226054805152894334e-01
-5.293458048423214102e-01
-5.361704660605730588e-01
-5.430804724263028627e-01
-5.500768439078500549e-01
-5.571606115762551825e-01
-5.643328174805477548e-01
-5.715945153441219784e-01
-5.789467713581004649e-01
-5.863906628472248528e-01
-5.939272789672047637e-01
-6.015577206703481838e-01
-6.092831014238284659e-01
-6.171045473816472171e-01
-6.250231963373540367e-01
-6.330401987957261500e-01
-6.411567182848894042e-01
-6.493739306137955580e-01
-6.576930246272023606e-01
-6.661152020112270922e-01
-6.746416769030392224e-01
-6.832736771139011900e-01
-6.920124445657250822e-01
-7.008592335752166225e-01
-7.098153120051975407e-01
-7.188819624433433475e-01
-7.280604809904802632e-01
-7.373521771885455101e-01
-7.467583753401799695e-01
-7.562804141645900202e-01
-7.659196458461440260e-01
-7.756774375999425652e-01
-7.855551721221243344e-01
-7.955542456687463293e-01
-8.056760698064828752e-01
-8.159220720021083118e-01
-8.262936940936724817e-01
-8.367923931700467222e-01
-8.474196421633103382e-01
-8.581769283408688942e-01
-8.690657550475527904e-01
-8.800876418010082913e-01
-8.912441234792027878e-01
-9.025367515218213343e-01
-9.139670939256311355e-01
-9.255367347472177597e-01
-9.372472747036483254e-01
-9.491003315515449401e-01
-9.610975399708513445e-01
-9.732405514836582894e-01
-9.855310349997451480e-01
-9.979706768101396230e-01
-1.010561180700809913e+00
-1.023304268300975428e+00
-1.036201678869686615e+00
-1.049255169688443345e+00
-1.062466516253935955e+00
-1.075837512100706217e+00
-1.089369969341463573e+00
-1.103065718486107460e+00
-1.116926608728846304e+00
-1.130954508003088055e+00
-1.145151303395172793e+00
-1.159518901460378837e+00
-1.174059228032937829e+00
-1.188774228193047566e+00
-1.203665867184641858e+00
-1.218736129835371385e+00
-1.233987020670300083e+00
-1.249420564083955298e+00
-1.265038804085412805e+00
-1.280843805542804414e+00
-1.296837654560451636e+00
-1.313022457432965862e+00
-1.329400341507017691e+00
-1.345973455278730802e+00
-1.362743968907888403e+00
-1.379714073771267202e+00
-1.396885982238957213e+00
-1.414261928790975453e+00
-1.431844169269229416e+00
-1.449634981733205485e+00
-1.467636666911774856e+00
-1.485851547533422412e+00
-1.504281969316807466e+00
-1.522930300783710500e+00
-1.541798933300655206e+00
-1.560890281507105293e+00
-1.580206783196685061e+00
-1.599750899189179787e+00
-1.619525114203178795e+00
-1.639531936643986221e+00
-1.659773898873641684e+00
-1.680253557642588547e+00
-1.700973494287590926e+00
-1.721936314199862039e+00
-1.743144647617757892e+00
-1.764601149975712602e+00
-1.786308500739894445e+00
-1.808269404111492396e+00
-1.830486589680819343e+00
-1.852962812501323553e+00
-1.875700853415376290e+00
-1.898703518990019656e+00
-1.921973642371756386e+00
-1.945514082143049661e+00
-1.969327723748937720e+00
-1.993417479728844643e+00
-2.017786288146049323e+00
-2.042437113972334295e+00
-2.067372949211886635e+00
-2.092596813094005803e+00
-2.118111752668701886e+00
-2.143920841949542577e+00
-2.170027183292630113e+00
-2.196433906886760212e+00
-2.223144170706907730e+00
-2.250161161555119360e+00
-2.277488093623482257e+00
-2.305128208620260466e+00
-2.333084777416447153e+00
-2.361361099913791506e+00
-2.389960504757441484e+00
-2.418886349706722783e+00
-2.448142022353891001e+00
-2.477730939850760983e+00
-2.507656548973442590e+00
-2.537922326317818555e+00
-2.568531778663589726e+00
-2.599488442811658473e+00
-2.630795885395405875e+00
-2.662457703873010839e+00
-2.694477526936953637e+00
-2.726859013753287098e+00
-2.759605854699409999e+00
-2.792721770955084892e+00
-2.826210515439800286e+00
-2.860075872702133815e+00
-2.894321657167434836e+00
-2.928951713654271760e+00
-2.963969918727309416e+00
-2.999380181214665875e+00
-3.035186442045556543e+00
-3.071392674263532463e+00
-3.108002883547594131e+00
-3.145021107962421070e+00
-3.182451418158082745e+00
-3.220297918310419671e+00
-3.258564746047324157e+00
-3.297256072461640652e+00
-3.336376102460513415e+00
-3.375929074448059453e+00
-3.415919260253493128e+00
-3.456350965509823681e+00
-3.497228529684401455e+00
-3.538556326360343451e+00
-3.580338763400638946e+00
-3.622580281984832951e+00
-3.665285353931898360e+00
-3.708458481408899221e+00
-3.752104200249710697e+00
-3.796227081023168637e+00
-3.840831728477669849e+00
-3.885922781683606164e+00
-3.931504914719470278e+00
-3.977582836239576647e+00
-4.024161288479584542e+00
-4.071245051310663499e+00
-4.118838949059774102e+00
-4.166947850013990262e+00
-4.215576660542724952e+00
-4.264730322294198572e+00
-4.314413813180735247e+00
-4.364632147796491779e+00
-4.415390376296431718e+00
-4.466693585779450970e+00
-4.518546904417886978e+00
-4.570955484103622624e+00
-4.623924467361673507e+00
-4.677458989499819531e+00
-4.731564209065576065e+00
-4.786245320064791642e+00
-4.841507549072142425e+00
-4.897356153681258206e+00
-4.953796423277601058e+00
-5.010833678871055241e+00
-5.068473270622365412e+00
-5.126720587037583599e+00
-5.185581072924874135e+00
-5.245060227523731022e+00
-5.305163588529885565e+00
-5.365896725148373569e+00
-5.427265239553975107e+00
-5.489274768246773739e+00
-5.551930982866749353e+00
-5.615239586289726859e+00
-5.679206303687298174e+00
-5.743836930385751494e+00
-5.809137428956958615e+00
-5.875113923966297058e+00
-5.941772610735587712e+00
-6.009119720896849870e+00
-6.077161533147449113e+00
-6.145904375042759327e+00
-6.215354619421434634e+00
-6.285518689609722820e+00
-6.356403073350008093e+00
-6.428014254240776992e+00
-6.500358574533264822e+00
-6.573442244514580146e+00
-6.647271471436294377e+00
-6.721852506873561062e+00
-6.797191631933936051e+00
-6.873295154499147408e+00
-6.950169411307374645e+00
-7.027820766523594109e+00
-7.106255607842173916e+00
-7.185480365641078393e+00
-7.265501551656438295e+00
-7.346325755970211979e+00
-7.427959610134918123e+00
-7.510409773267713085e+00
-7.593682935449693083e+00
-7.677785818493544134e+00
-7.762725174390057603e+00
-7.848507786519344442e+00
-7.935140475812833216e+00
-8.022630069625016347e+00
-8.110983339980439411e+00
-8.200207008512476747e+00
-8.290307803144969512e+00
-8.381292478031063808e+00
-8.473167807072288227e+00
-8.565940582149682569e+00
-8.659617614683064346e+00
-8.754205732122766648e+00
-8.849711769345031342e+00
-8.946142610447491705e+00
-9.043505272545189655e+00
-9.141806898544013293e+00
-9.241054676805372736e+00
-9.341255812251830548e+00
-9.442417534831722747e+00
-9.544547100244404447e+00
-9.647651786827781351e+00
-9.751738898768865127e+00
-9.856815775668575696e+00
-9.962889738778820004e+00
-1.006996798680596328e+01
-1.017805760465515164e+01
-1.028716566053173942e+01
-1.039729923926256383e+01
-1.050846543155467216e+01
-1.062067133147977138e+01
-1.073392404065237038e+01
-1.084823065903379025e+01
-1.096359825699508761e+01
-1.108003401084559592e+01
-1.119754546536328377e+01
-1.131614050806320293e+01
-1.143582711978014466e+01
-1.155661328615993177e+01
-1.167850702591386813e+01
-1.180151639448131284e+01
-1.192564947768042849e+01
-1.205091439715701895e+01
-1.217731932668785610e+01
-1.230487240444342589e+01
-1.243358156662105962e+01
-1.256345456410624450e+01
-1.269449911940551701e+01
-1.282672298198419192e+01
-1.296013390940372645e+01
-1.309473966178095061e+01
-1.323054799599965392e+01
-1.336756668231852174e+01
-1.350580354967045338e+01
-1.364526623971712027e+01
-1.378596174061731006e+01
-1.392789643520809761e+01
-1.407107653912776968e+01
-1.421550825269466323e+01
-1.436119770904285531e+01
-1.450815096420455497e+01
-1.465637401555065722e+01
-1.480587276995975010e+01
-1.495665296635782049e+01
-1.510872057698822246e+01
-1.526208256493901416e+01
-1.541674679546890836e+01
-1.557272131441343532e+01
-1.573001409712020937e+01
-1.588863312888837065e+01
-1.604858641845328293e+01
-1.620988197789853658e+01
-1.637252783743306139e+01
-1.653653208676252717e+01
-1.670190264909812328e+01
-1.686864685898875038e+01
-1.703677151134215251e+01
-1.720628326194379554e+01
-1.737718876249318356e+01
-1.754949461315761283e+01
-1.772320735434959715e+01
-1.789833346938364400e+01
-1.807487938456387155e+01
-1.825285146705158468e+01
-1.843225601999169783e+01
-1.861309927346005111e+01
-1.879538738255142505e+01
-1.897912643230444729e+01
-1.916432243723926732e+01
-1.935098133917436058e+01
-1.953910900465896816e+01
-1.972871122435341817e+01
-1.991979370776250846e+01
-2.011236207326500391e+01
-2.030642188940940329e+01
-2.050197875366541922e+01
-2.069903827841291744e+01
-2.089760601428794118e+01
-2.109768741926118807e+01
-2.129928786724799394e+01
-2.150241264580202127e+01
-2.170706695165214484e+01
-2.191325589233347060e+01
-2.212098449097783970e+01
-2.233025763799554042e+01
-2.254108000013230750e+01
-2.275345603001074934e+01
-2.296739004785784743e+01
-2.318288626638578975e+01
-2.339994877895883718e+01
-2.361858155484241095e+01
-2.383878843757619137e+01
-2.406057314263077984e+01
-2.428393926253036739e+01
-2.450889023442632819e+01
-2.473542929228434417e+01
-2.496355947044514068e+01
-2.519328364482108640e+01
-2.542460454681227588e+01
-2.565752475173113112e+01
-2.589204667852803254e+01
-2.612817258585951308e+01
-2.636590456796931292e+01
-2.660524455274286382e+01
-2.684619430085519198e+01
-2.708875540828751127e+01
-2.733292930413572464e+01
-2.757871723949352827e+01
-2.782612028287610784e+01
-2.807513931783598693e+01
-2.832577503890224691e+01
-2.857802794832080551e+01
-2.883189835367512543e+01
-2.908738636717623649e+01
-2.934449188654417284e+01
-2.960321456676709317e+01
-2.986355382009492843e+01
-3.012550883713293359e+01
-3.038907859416206492e+01
-3.065426184136100218e+01
-3.092105710384720041e+01
-3.118946267200106348e+01
-3.145947660677302693e+01
-3.173109675012944209e+01
-3.200432062826430979e+01
-3.227914527926658650e+01
-3.255556727730884603e+01
-3.283358288811281511e+01
-3.311318811773519855e+01
-3.339437869207462484e+01
-3.367715004680869129e+01
-3.396149733004482130e+01
-3.424741539286050340e+01
-3.453489877409307951e+01
-3.482394176104857308e+01
-3.511453850052144787e+01
-3.540668297435600920e+01
-3.570036888723589641e+01
-3.599558962437599519e+01
-3.629233825999837393e+01
-3.659060755483169913e+01
-3.689038994808485938e+01
-3.719167755866661196e+01
-3.749446220868069446e+01
-3.779873527897323271e+01
-3.810448746643474749e+01
-3.841170881913888735e+01
-3.872038896811763209e+01
-3.903051718887445531e+01
-3.934208237957770393e+01
-3.965507304418272838e+01
-3.996947729250275216e+01
-4.028528284264223913e+01
-4.060247702460887353e+01
-4.092104670412108192e+01
-4.124097814031767939e+01
-4.156225700844735371e+01
-4.188486852067001109e+01
-4.220879746248750308e+01
-4.253402817313498474e+01
-4.286054453949387977e+01
-4.318832999714191345e+01
-4.351736751414595972e+01
-4.384763956822880715e+01
-4.417912826594530884e+01
-4.451181556653566673e+01
-4.484568322952057429e+01
-4.518071259753283897e+01
-4.551688452541163343e+01
-4.585417940009498494e+01
-4.619257713791336784e+01
-4.653205716135479975e+01
-4.687259842736753512e+01
-4.721417948398281084e+01
-4.755677808314520405e+01
-4.790037053696572400e+01
-4.824493183473041569e+01
-4.859043626169609809e+01
-4.893685759482347208e+01
-4.928416901665140415e+01
-4.963234311166738877e+01
-4.998135187193510376e+01
-5.033116667246768827e+01
-5.068175822173907363e+01
-5.103309685334355805e+01
-5.138515304428199215e+01
-5.173789730442139501e+01
-5.209129966833523184e+01
-5.244532953867947356e+01
-5.279995574047716644e+01
-5.315514652129665052e+01
-5.351086952901292193e+01
-5.386709183627471731e+01
-5.422377998040565927e+01
-5.458089964431049168e+01
-5.493841510229766101e+01
-5.529628932939108665e+01
-5.565448453260292183e+01
-5.601296230704116397e+01
-5.637168356432901106e+01
-5.673060852788133701e+01
-5.708969672122135819e+01
-5.744890699241510390e+01
-5.780819756669889387e+01
-5.816752568706426274e+01
-5.852684701816465207e+01
-5.888611576850939855e+01
-5.924528526311439691e+01
-5.960430811275237772e+01
-5.996313615315790457e+01
-6.032172042706626058e+01
-6.068001121619222715e+01
-6.103795797954587954e+01
-6.139550922541032207e+01
-6.175261331295258316e+01
-6.210921980437306189e+01
-6.246527916564971861e+01
-6.282074144324163001e+01
-6.317555587400613604e+01
-6.352967103267307891e+01
-6.388303483461757537e+01
-6.423559446901202818e+01
-6.458729653086930966e+01
-6.493808734790412984e+01
-6.528791092524531336e+01
-6.563670555056771150e+01
-6.598440456740353000e+01
-6.633093969601910089e+01
-6.667624199911494998e+01
-6.702024150906430577e+01
-6.736286719177178384e+01
-6.770404708276474537e+01
-6.804370806255188597e+01
-6.838177542534914721e+01
-6.871817579292468281e+01
-6.905284193785186631e+01
-6.938571163565346467e+01
-6.971672296172334882e+01
-7.004581291376679530e+01
-7.037291796326370275e+01
-7.069797408900581104e+01
-7.102091665868735504e+01
-7.134168060870109684e+01
-7.166020079681139521e+01
-7.197640958738332984e+01
-7.229023287345330573e+01
-7.260159104103473737e+01
-7.291040289146765474e+01
-7.321658675671135086e+01
-7.352006006257090576e+01
-7.382073930940148898e+01
-7.411854025647249955e+01
-7.441337759547151620e+01
-7.470516434400602179e+01
-7.499381611027195049e+01
-7.527925804452492287e+01
-7.556142311799949596e+01
-7.584024528914845575e+01
-7.611565759309949897e+01
-7.638759289755617488e+01
-7.665598393532151533e+01
-7.692076285806359692e+01
-7.718186220264108499e+01
-7.743921670338191632e+01
-7.769275068941466600e+01
-7.794235772175842669e+01
-7.818790583906211111e+01
-7.842925767379642821e+01
-7.866627606799400496e+01
-7.889882184924611863e+01
-7.912675367682390970e+01
-7.934992890667969334e+01
-7.956820211931304243e+01
-7.978142244827179752e+01
-7.998945277513749375e+01
-8.019220052319163017e+01
-8.038960951702671309e+01
-8.058162950845870398e+01
-8.076820776109499889e+01
-8.094929250987614466e+01
-8.112483322146552212e+01
-8.129477985866003564e+01
-8.145908380955422956e+01
-8.161769957377742912e+01
-8.177057252929746767e+01
-8.191761945229161768e+01
-8.205873383563945822e+01
-8.219380531106361332e+01
-8.232272495830061132e+01
-8.244538311629324312e+01
-8.256166922556600696e+01
-8.267147208213192755e+01
-8.277467987692068618e+01
-8.287118023649587428e+01
-8.296086026488725906e+01
-8.304360668714400617e+01
-8.311930581219543512e+01
-8.318784344844929990e+01
-8.324910488134229070e+01
-8.330297494334641328e+01
-8.334933803944534247e+01
-8.338807845812978314e+01
-8.341907966659353235e+01
-8.344222317643890108e+01
-8.345739735283819982e+01
-8.346451125734137122e+01
-8.346349067397551380e+01
-8.345426435827417322e+01
-8.343676032657457142e+01
-8.341090748480476691e+01
-8.337663570388215817e+01
-8.333387566202380015e+01
-8.328255892018067641e+01
-8.322261815459502543e+01
-8.315398570758623009e+01
-8.307659132618807973e+01
-8.299036287204687312e+01
-8.289522862650444779e+01
-8.279111787231485664e+01
-8.267796066904901409e+01
-8.255568781368985753e+01
-8.242423067422224392e+01
-8.228352176457364919e+01
-8.213349564699562677e+01
-8.197408212576328879e+01
-8.180519570263221851e+01
-8.162673878477208689e+01
-8.143861231417314173e+01
-8.124071852480628309e+01
-8.103295983656515489e+01
-8.081523884708047945e+01
-8.058745915511111946e+01
-8.034952361234799412e+01
-8.010133160304373234e+01
-7.984280090665207297e+01
-7.957390126339150527e+01
-7.929464390739590840e+01
-7.900504776480231328e+01
-7.870513075195653130e+01
-7.839491351879179604e+01
-7.807441961002784581e+01
-7.774367440341048052e+01
-7.740270684910558430e+01
-7.705155232878009031e+01
-7.669022975455546032e+01
-7.631870679735129670e+01
-7.593691106938119617e+01
-7.554476531268912254e+01
-7.514219629475107354e+01
-7.472913098442504065e+01
-7.430549637480298486e+01
-7.387122096778529112e+01
-7.342623206193971441e+01
-7.297045164177637844e+01
-7.250383052077430079e+01
-7.202639966377839187e+01
-7.153825302092994320e+01
-7.103949551433390752e+01
-7.053022995069085255e+01
-7.001056284018889642e+01
-6.948060462798125059e+01
-6.894046850474538246e+01
-6.839027175195388963e+01
-6.783013788569397207e+01
-6.726017806701827340e+01
-6.668046363390715214e+01
-6.609103563185570351e+01
-6.549193276400364994e+01
-6.488319813143607462e+01
-6.426487613240115593e+01
-6.363701228469778926e+01
-6.299965394110236616e+01
-6.235284919658266745e+01
-6.169664542494601278e+01
-6.103110257647574599e+01
-6.035631248756104128e+01
-5.967239163775931843e+01
-5.897946135484821184e+01
-5.827764310877012122e+01
-5.756706075192803951e+01
-5.684784060093485891e+01
-5.612011170390803727e+01
-5.538400421534907991e+01
-5.463964760775968443e+01
-5.388718835693862275e+01
-5.312681471574629199e+01
-5.235874653094040809e+01
-5.158320966697715448e+01
-5.080043036634938858e+01
-5.001063803410147557e+01
-4.921406512641482323e+01
-4.841094664628582223e+01
-4.760152075847932451e+01
-4.678602944534418384e+01
-4.596470942476190658e+01
-4.513778020643539435e+01
-4.430544958373340592e+01
-4.346792593304505203e+01
-4.262542052023593442e+01
-4.177814617139912912e+01
-4.092631719404599266e+01
-4.007014996113781535e+01
-3.920986130096522970e+01
-3.834566763261190658e+01
-3.747780169847291631e+01
-3.660653263195956697e+01
-3.573215430830842365e+01
-3.485496418004538555e+01
-3.397525990512295380e+01
-3.309334161952239128e+01
-3.220951190384781171e+01
-3.132407582296630721e+01
-3.043733938314034049e+01
-2.954960950013060028e+01
-2.866120893107031975e+01
-2.777249136159664999e+01
-2.688382991546333756e+01
-2.599560057206952024e+01
-2.510818054225109108e+01
-2.422194990038079254e+01
-2.333729095767330364e+01
-2.245458756387444055e+01
-2.157423037073945693e+01
-2.069661262939811763e+01
-1.982207790072794751e+01
-1.895088097021110229e+01
-1.808323218138866650e+01
-1.721934465128558145e+01
-1.635943466900377530e+01
-1.550371739106486757e+01
-1.465240866532383279e+01
-1.380572501862891954e+01
-1.296387441215779290e+01
-1.212707546005631798e+01
-1.129564212937205525e+01
-1.047001837777213495e+01
-9.650699903754571096e+00
-8.838178245519742404e+00
-8.032946563879107771e+00
-7.235504380898788668e+00
-6.446354079226608746e+00
-5.666004346353247456e+00
-4.894981371112038460e+00
-4.133777372794924077e+00
-3.382742564540308194e+00
-2.642091291936282005e+00
-1.912008115929893393e+00
-1.192690069704298139e+00
-4.843347648521785231e-01
2.128615981404777813e-01
8.987019959103577094e-01
1.572990773033382084e+00
2.235533165658267762e+00
2.886108869220123552e+00
3.524446833524336853e+00
4.150245316802596562e+00
4.763199544195231283e+00
5.363003886654382768e+00
5.949348749200936481e+00
6.521922181688921683e+00
7.080407809300396593e+00
7.624476216464017853e+00
8.153817174542382418e+00
8.668217241934257800e+00
9.167563727798750506e+00
9.651769337585477615e+00
1.012073729251463305e+01
1.057436960281893334e+01
1.101256939196787243e+01
1.143523967808178554e+01
1.184227834547147040e+01
1.223358477776559994e+01
1.260910275734752872e+01
1.296884459052790817e+01
1.331285270446844038e+01
1.364116655209696205e+01
1.395382453976586135e+01
1.425086691750036039e+01
1.453233547550416915e+01
1.479826911960375924e+01
1.504870579014252030e+01
1.528372535472189497e+01
1.550348477372253342e+01
1.570818296788249313e+01
1.589801998106239012e+01
1.607319575985977167e+01
1.623391497622247925e+01
1.638038754625915772e+01
1.651281680056754908e+01
1.663140752517685428e+01
1.673648033090665876e+01
1.682856080592853232e+01
1.690828468461364764e+01
1.697629318965221046e+01
1.703323141886284020e+01
1.707975802646458874e+01
1.711654353156291108e+01
1.714427087716202891e+01
1.716363256735863274e+01
1.717531839626280998e+01
1.718001027698835514e+01
1.717839291709361760e+01
1.717116221207933791e+01
1.715902444605035271e+01
1.714269769484079120e+01
1.712290749946376422e+01
1.710037615733813254e+01
1.707588317038164405e+01
1.705037533713357334e+01
1.702494924927708553e+01
1.700074312229747875e+01
1.697890014911305911e+01
1.696058074494447965e+01
1.694696372362972170e+01
1.693924551516820998e+01
1.693863860914208885e+01
1.694636449930126787e+01
1.696364951744911309e+01
1.699173049603302843e+01
1.703185961706037688e+01
1.708530427535103513e+01
1.715334768578227909e+01
1.723728329723647335e+01
1.733841119403396647e+01
1.745809769870461992e+01
1.759784578179872483e+01
1.775925555869406480e+01
1.794394851057637652e+01
1.815355518894051556e+01
1.838971991629946956e+01
1.865410525881191006e+01
1.894840153690492457e+01
1.927425252014046464e+01
1.963313372164796533e+01
2.002638142439383273e+01
2.045531215711469031e+01
2.092125737665796237e+01
2.142554946041764197e+01
2.196951895837531765e+01
2.255449333925380984e+01
2.318180815798726258e+01
2.385282712130322125e+01
2.456893767791009964e+01
2.533152899670253078e+01
2.614198399428150310e+01
2.700167757307130501e+01
2.791198357586952739e+01
2.887428666410366418e+01
2.988988172511406560e+01
3.095981738055655796e+01
3.208494244331239997e+01
3.326606218042689989e+01
3.450397949435182454e+01
3.579947402570758186e+01
3.715331103801665336e+01
3.856624679494956354e+01
4.003891221038711024e+01
4.157168229986677943e+01
4.316476044638250187e+01
4.481831735102471725e+01
4.653250790307663465e+01
4.830745517169114578e+01
5.014327740140657852e+01
5.204005577738391253e+01
5.399759226448526306e+01
5.601526422448742437e+01
5.809224411264830223e+01
6.022769587394759583e+01
6.242076681389821147e+01
6.467057532843909939e+01
6.697623350321079272e+01
6.933678628295754720e+01
7.175106511398108466e+01
7.421768668787188972e+01
7.673520143922235093e+01
7.930215954958092084e+01
8.191708944377025148e+01
8.457853239227758024e+01
8.728505069115118431e+01
9.003483648392510474e+01
9.282531550724951330e+01
9.565345517320200486e+01
9.851621622678572976e+01
1.014105998966671223e+02
1.043336083402886345e+02
1.072822692736179278e+02
1.102535930310692152e+02
1.132444316913429105e+02
1.162514593245557535e+02
1.192713175224367035e+02
1.223006948414671911e+02
1.253363114876825364e+02
1.283749360954728331e+02
1.314133891084678680e+02
1.344483409525615798e+02
1.374761194762324976e+02
1.404928766768681214e+02
1.434948134168224101e+02
1.464781949548582816e+02
1.494393376568395695e+02
1.523746432611098101e+02
1.552804668009135298e+02
1.581528337087048612e+02
1.609874558253694659e+02
1.637800192591323594e+02
1.665263034762852499e+02
1.692221506787435601e+02
1.718634209931158807e+02
1.744460497552604181e+02
1.769663832282648173e+02
1.794213603447248602e+02
1.818081970981767768e+02
1.841241190045232656e+02
1.863663690097200174e+02
1.885322329289486731e+02
1.906190314425284384e+02
1.926240398057628340e+02
1.945443934706819960e+02
1.963771364223177613e+02
1.981193109275030793e+02
1.997679804041125067e+02
2.013201898664680414e+02
2.027728830148488441e+02
2.041232440558254666e+02
2.053694253644881371e+02
2.065105005400625942e+02
2.075457259176487526e+02
2.084742479052853241e+02
2.092951752665127572e+02
2.100075049526348039e+02
2.106102832219662560e+02
2.111033575605215162e+02
2.114876640153382823e+02
2.117645130119458656e+02
2.119350904268291060e+02
2.120005157773705378e+02
2.119618283995751824e+02
2.118199987007949971e+02
2.115764437079834011e+02
2.112334464385461388e+02
2.107937261610585153e+02
2.102599424391743810e+02
2.096346953208961281e+02
2.089205220295902734e+02
2.081198422248229463e+02
2.072355638843579868e+02
2.062718700111622923e+02
2.052338459538102029e+02
2.041266662961852489e+02
2.029554542504972687e+02
2.017253496566726483e+02
2.004414429965265469e+02
1.991091192144118622e+02
1.977347348792173420e+02
1.963255467461235071e+02
1.948890486163223272e+02
1.934327268719369499e+02
1.919641405866335049e+02
1.904909690584622979e+02
1.890208985598526112e+02
1.875613141392021248e+02
1.861192351678458863e+02
1.847016102962226682e+02
1.833154790433773655e+02
1.819679444749548054e+02
1.806661387655830993e+02
1.794172677296442089e+02
1.782288070375330165e+02
1.771086021104436270e+02
1.760646789857019314e+02
1.751050869505271521e+02
1.742378890641373346e+02
1.734712686720922079e+02
1.728134479010859081e+02
1.722716515918271512e+02
1.718512812427001677e+02
1.715567646972185685e+02
1.713925147643865898e+02
1.713629363149912308e+02
1.714723928045419541e+02
1.717252477988649559e+02
1.721251455186531700e+02
1.726742125283853397e+02
1.733735683689043299e+02
1.742241932715602388e+02
1.752270106970031236e+02
1.763828939689040851e+02
1.776928148286033888e+02
1.791566790866086478e+02
1.807715704809137947e+02
1.825323752347560458e+02
1.844336272050015282e+02
1.864699737445078256e+02
1.886360305077673445e+02
1.909265121837569836e+02
1.933356782471747692e+02
1.958561578956397966e+02
1.984790821509905641e+02
2.011953180505148282e+02
2.039959338098857131e+02
2.068721104046685184e+02
2.098153062876798458e+02
2.128167412434704033e+02
2.158658558491413828e+02
2.189501099759291094e+02
2.220565425897526097e+02
2.251726040174114303e+02
2.282860152787781942e+02
2.313847612283759929e+02
2.344570404119735088e+02
2.374909092860096962e+02
2.404741461536406177e+02
2.433945991489786707e+02
2.462404297909120601e+02
2.490000831958287222e+02
2.516621857932509556e+02
2.542156188903055636e+02
2.566501639968103063e+02
2.589568964049429951e+02
2.611275583631555151e+02
2.631539821191960300e+02
2.650281035935354339e+02
2.667418253208848000e+02
2.682870209211684482e+02
2.696571719798992604e+02
2.708488228928123362e+02
2.718601744836881835e+02
2.726893184654328479e+02
2.733341515044940024e+02
2.737923412519721751e+02
2.740611626970633665e+02
2.741395501321135839e+02
2.740305650604236689e+02
2.737399492858956478e+02
2.732734307147348431e+02
2.726363209698449737e+02
2.718336855678618349e+02
2.708701398604150086e+02
2.697512524190333920e+02
2.684857869188247150e+02
2.670850403862324924e+02
2.655605586560183724e+02
2.639235473706228845e+02
2.621850863995715031e+02
2.603559957286021813e+02
2.584476016773136280e+02
2.564733731598537361e+02
2.544488440202923130e+02
2.523900237292653514e+02
2.503127553443263480e+02
2.482329183735153606e+02
2.461665791983706981e+02
2.441296255823434649e+02
2.421367770780745445e+02
2.402014184434186745e+02
2.383365575864457924e+02
2.365553325923623902e+02
2.348709261693470012e+02
2.332966656522953883e+02
2.318457586417766265e+02
2.305300959827042107e+02
2.293597803797823076e+02
2.283442279602854228e+02
2.274929142588676427e+02
2.268152524005122928e+02
2.263210078908102787e+02
2.260196882440700392e+02
2.259158040496515127e+02
2.260059400993088445e+02
2.262830110962818537e+02
2.267401919630847260e+02
2.273708146402703676e+02
2.281682780004368851e+02
2.291260810940253805e+02
2.302355911711082399e+02
2.314841125641706867e+02
2.328568211843771678e+02
2.343391322426689385e+02
2.359168352771143589e+02
2.375760106478376770e+02
2.393031440321879302e+02
2.410838320881304639e+02
2.429012834349634886e+02
2.447372875457945156e+02
2.465739060527855031e+02
2.483937401217284844e+02
2.501797176635383835e+02
2.519150362365912770e+02
2.535835933116563865e+02
2.551706129055594374e+02
2.566623873097817068e+02
2.580455576347677038e+02
2.593069701240951872e+02
2.604335734144345338e+02
2.614119678793855428e+02
2.622304056201290905e+02
2.628828063939319009e+02
2.633682622545391609e+02
2.636868578927187059e+02
2.638381303542871592e+02
2.638213969290007981e+02
2.636352642257976981e+02
2.632793569633681727e+02
2.627592126862001578e+02
2.620868823459090322e+02
2.612760849456599317e+02
2.603397117178740814e+02
2.592903021118740412e+02
2.581400986060908735e+02
2.569012336020434759e+02
2.555868019848624044e+02
2.542112515327337690e+02
2.527893967186958548e+02
2.513357393609292671e+02
2.498645623941579288e+02
2.483901390821996813e+02
2.469265478577296449e+02
2.454863827099176774e+02
2.440799964718693218e+02
2.427167029838481369e+02
2.414058507123481263e+02
2.401567921968172072e+02
2.389789562953845063e+02
2.378818248057263531e+02
2.368735148659940251e+02
2.359595846128968901e+02
2.351442458643254554e+02
2.344318115371802946e+02
2.338267231273252946e+02
2.333336566745200855e+02
2.329576495633186823e+02
2.327014571484338035e+02
2.325625843293813659e+02
2.325352099346469572e+02
2.326134789430532805e+02
2.327918950011081165e+02
2.330652497837450596e+02
2.334290106114743821e+02
2.338760621511009106e+02
2.343918873761296879e+02
2.349563761449309425e+02
2.355489358459684581e+02
2.361498568553822963e+02
2.367396561941636719e+02
2.372987175463867686e+02
2.378090564986226809e+02
2.382576432084413227e+02
2.386359530612910476e+02
2.389365073517724340e+02
2.391516100986155209e+02
2.392735804588629662e+02
2.392942721952338161e+02
2.392066862049793770e+02
2.390095117125566162e+02
2.387076357624992795e+02
2.383075682280152137e+02
2.378150775027425539e+02
2.372356054537154932e+02
2.365742878878866122e+02
2.358361263040384301e+02
2.350270659357939280e+02
2.341543893384036039e+02
2.332257119486595229e+02
2.322483093631941529e+02
2.312292436619180762e+02
2.301751738117885679e+02
2.290927281148422594e+02
2.279912407260757732e+02
2.268844810938875298e+02
2.257882385744341605e+02
2.247180522316958218e+02
2.236891712674191410e+02
2.227172659374709838e+02
2.218182351097936760e+02
2.210027868520084553e+02
2.202714908493300072e+02
2.196192126707526313e+02
2.190408951445877506e+02
2.185320170790768941e+02
2.180881819002008513e+02
2.177053138568148256e+02
2.173783540533682981e+02
2.170995661865121065e+02
2.168594315569593505e+02
2.166485006724782352e+02
2.164577665235075870e+02
2.162784117184195907e+02
2.161016741568388682e+02
2.159195799766847585e+02
2.157262006163064143e+02
2.155173572024901318e+02
2.152892577821866382e+02
2.150380211213545749e+02
2.147597762466407971e+02
2.144506394326585905e+02
2.141066795199318449e+02
2.137239464168883956e+02
2.132984504910939449e+02
2.128260946377215816e+02
2.123026956570359403e+02
2.117239744893842044e+02
2.110849251973059495e+02
2.103811508236103123e+02
2.096148221105884488e+02
2.087971521344796599e+02
2.079427577274933014e+02
2.070654984154736837e+02
2.061787851299986301e+02
2.052962785297630717e+02
2.044315069631155666e+02
2.035941472093543325e+02
2.027871444556253664e+02
2.020099703370763393e+02
2.012622276178619529e+02
2.005438025968987859e+02
1.998546140940050009e+02
1.991947394397964217e+02
1.985639643212608121e+02
1.979612126650640676e+02
1.973848670100736626e+02
1.968334198261001404e+02
1.963055337729781797e+02
1.958000535234220933e+02
1.953162612079241001e+02
1.948524413855932096e+02
1.944030454077631305e+02
1.939589638098127296e+02
1.935103726889422262e+02
1.930478970590373820e+02
1.925622578253148163e+02
1.920436066133710824e+02
1.914830052093477377e+02
1.908779613521390957e+02
1.902342730097699928e+02
1.895606574267143856e+02
1.888651171626058272e+02
1.881552864026592147e+02
1.874389064913054881e+02
1.867236147292789212e+02
1.860147164606573540e+02
1.853132968882472369e+02
1.846181278110521475e+02
1.839279700949452376e+02
1.832417527332807481e+02
1.825583556197340727e+02
1.818766019762542783e+02
1.811957299886566659e+02
1.805161209245243583e+02
1.798391081887311600e+02
1.791662265038268629e+02
1.784989717311584627e+02
1.778388833933090041e+02
1.771877016469759951e+02
1.765469671728703247e+02
1.759165732517409140e+02
1.752942912105145297e+02
1.746771591670076305e+02
1.740624056526160359e+02
1.734473603769180841e+02
1.728292925563630718e+02
1.722054179144747934e+02
1.715738455430817169e+02
1.709345788372367565e+02
1.702887784716099304e+02
1.696376202057295188e+02
1.689821376170180542e+02
1.683233377498274592e+02
1.676622150143468559e+02
1.669996608235914550e+02
1.663362363093809790e+02
1.656721549158324649e+02
1.650075186860945564e+02
1.643424459617370985e+02
1.636770551034420578e+02
1.630114577685837389e+02
1.623457673084426460e+02
1.616801717435271257e+02
1.610150035663323251e+02
1.603506890963434444e+02
1.596876683701962918e+02
1.590263838374104353e+02
1.583672901491302412e+02
1.577109026570456649e+02
1.570576567883750840e+02
1.564074590870095278e+02
1.557595740435355651e+02
1.551130575426225562e+02
1.544670205744020279e+02
1.538205997071607385e+02
1.531729050685439404e+02
1.525229800995085157e+02
1.518701799696374621e+02
1.512147557376910072e+02
1.505576537263868886e+02
1.498999035057171909e+02
1.492424493418581903e+02
1.485862137783644528e+02
1.479321436546132418e+02
1.472811995350315328e+02
1.466339307246059036e+02
1.459901085733222885e+02
1.453490778362638025e+02
1.447102069081050217e+02
1.440729238946697137e+02
1.434366734326419532e+02
1.428008963407351075e+02
1.421650630552606458e+02
1.415288776385874030e+02
1.408923935808127794e+02
1.402558152200910229e+02
1.396193234520726776e+02
1.389830786753696827e+02
1.383472352204763354e+02
1.377119439697147527e+02
1.370773386754430874e+02
1.364434720028463062e+02
1.358102916927203125e+02
1.351776986164776417e+02
1.345455956850332768e+02
1.339138815137678193e+02
1.332824513716973343e+02
1.326511749500318160e+02
1.320199323879333235e+02
1.313887854821954591e+02
1.307580614744542515e+02
1.301281914801281232e+02
1.294995836257709811e+02
1.288726295355400850e+02
1.282477199906412011e+02
1.276252617737152377e+02
1.270056656614372201e+02
1.263891379445461496e+02
1.257755205995134844e+02
1.251644792257902026e+02
1.245557031260496217e+02
1.239489090065366810e+02
1.233438254851638476e+02
1.227401829675529541e+02
1.221377090554865106e+02
1.215361974872621573e+02
1.209356190374297455e+02
1.203360681827057022e+02
1.197376507006750614e+02
1.191404526992700994e+02
1.185445583763591628e+02
1.179500464357868026e+02
1.173569944612792995e+02
1.167654745264735254e+02
1.161755354454932956e+02
1.155871985978310050e+02
1.150004756938792809e+02
1.144153814205206174e+02
1.138319336395465484e+02
1.132501503217394543e+02
1.126700536992624677e+02
1.120916672458978667e+02
1.115150092905357866e+02
1.109400750595305567e+02
1.103668444878573354e+02
1.097952944248843892e+02
1.092254078680683875e+02
1.086571690918621300e+02
1.080905653542536697e+02
1.075255840725201608e+02
1.069622174470625993e+02
1.064004517568842232e+02
1.058402617171555420e+02
1.052816144464155172e+02
1.047244805184493828e+02
1.041688290625106958e+02
1.036146328356038566e+02
1.030618614460533138e+02
1.025104844651818610e+02
1.019604702539078858e+02
1.014117905034370040e+02
1.008644257750300000e+02
1.003183580134849393e+02
9.977356630530925941e+01
9.923002270759302235e+01
9.868769207352561068e+01
9.814653402875754296e+01
9.760649095752030746e+01
9.706748402959748034e+01
9.652951426240215937e+01
9.599277561317123286e+01
9.545757688889472092e+01
9.492421729933982988e+01
9.439297726565223456e+01
9.386413286900553032e+01
9.333796038996983668e+01
9.281475135847334457e+01
9.229484262868938060e+01
9.177847853732220074e+01
9.126553940662616071e+01
9.075559384134386676e+01
9.024817537515514232e+01
8.974287536244278840e+01
8.923930311004694715e+01
8.873707593032150953e+01
8.823581166615109339e+01
8.773508704617157150e+01
8.723447978003744652e+01
8.673387518967606979e+01
8.623361883512514225e+01
8.573423192221427769e+01
8.523617187178449228e+01
8.473985617560171590e+01
8.424568806654816910e+01
8.375406128713595422e+01
8.326538066379089287e+01
8.278010497206057039e+01
8.229857971378024217e+01
8.182074598558448031e+01
8.134619575088531462e+01
8.087448669828805237e+01
8.040524603336088205e+01
7.993812894236262423e+01
7.947280054334032684e+01
7.900893710604592002e+01
7.854619748175436200e+01
7.808421826424554979e+01
7.762278600144013296e+01
7.716201154179793775e+01
7.670218180420678777e+01
7.624355921382120016e+01
7.578636433387836746e+01
7.533080460458340610e+01
7.487707558143084441e+01
7.442536693042924867e+01
7.397587868175669712e+01
7.352881011616878482e+01
7.308425312850523881e+01
7.264213761542808356e+01
7.220232932210865329e+01
7.176471713977790046e+01
7.132920431758014956e+01
7.089570231712377790e+01
7.046412603097407157e+01
7.003439321795586636e+01
6.960641362997205306e+01
6.918010390715028279e+01
6.875543802853118791e+01
6.833246658641860449e+01
6.791125709261106635e+01
6.749187023313329803e+01
6.707435678412906555e+01
6.665876800657810008e+01
6.624515228294124825e+01
6.583356074723387508e+01
6.542405605335815721e+01
6.501669029941491829e+01
6.461145611233192199e+01
6.420827345375582240e+01
6.380704662789040782e+01
6.340769650030266291e+01
6.301014535818928408e+01
6.261431963488970354e+01
6.222014559929878175e+01
6.182754555039160493e+01
6.143642370285292031e+01
6.104669976942486187e+01
6.065837861518709673e+01
6.027155901580173492e+01
5.988635149598484020e+01
5.950284668940075505e+01
5.912112501435863976e+01
5.874126262526917941e+01
5.836333120002441888e+01
5.798740244582945991e+01
5.761355585783219624e+01
5.724186083973392414e+01
5.687233283554495955e+01
5.650493417883932068e+01
5.613962370985562700e+01
5.577637092404362562e+01
5.541515124045555751e+01
5.505594575085777365e+01
5.469873910803605099e+01
5.434352097766458911e+01
5.399028827019512278e+01
5.363903522419018088e+01
5.328973587871595896e+01
5.294234002100659353e+01
5.259679601368490154e+01
5.225306094897565146e+01
5.191109476416792745e+01
5.157086029391459903e+01
5.123232004618215285e+01
5.089543951534341915e+01
5.056018199507298760e+01
5.022651259720546335e+01
4.989440666026964522e+01
4.956384922627796641e+01
4.923482410046099034e+01
4.890731094712854343e+01
4.858128478998045807e+01
4.825671868818496080e+01
4.793357910072227668e+01
4.761182550408041436e+01
4.729139315896343021e+01
4.697223332967203646e+01
4.665439025044628352e+01
4.633799569063828017e+01
4.602318594081086189e+01
4.571007663961889733e+01
4.539877368765131394e+01
4.508938313406397924e+01
4.478200645896331622e+01
4.447675943945713328e+01
4.417378509461448743e+01
4.387319986230168212e+01
4.357496987381302489e+01
4.327892203363851564e+01
4.298487493542615567e+01
4.269268686569751736e+01
4.240222743149064399e+01
4.211337574048173593e+01
4.182601575812108763e+01
4.154002911395467379e+01
4.125527511345894283e+01
4.097163873127450984e+01
4.068911254745756878e+01
4.040778732681714303e+01
4.012775999603253752e+01
3.984910031056033120e+01
3.957186682421580315e+01
3.929611340201016390e+01
3.902188632941121682e+01
3.874923206778801443e+01
3.847820115987752843e+01
3.820883401484951492e+01
3.794113790749901938e+01
3.767509091546160960e+01
3.741066736537031545e+01
3.714785099061275275e+01
3.688662635517482613e+01
3.662698158655791758e+01
3.636890495246036892e+01
3.611238668446153355e+01
3.585741887423797891e+01
3.560399401707973510e+01
3.535210075554773113e+01
3.510172584806666407e+01
3.485285426627021366e+01
3.460547451439682476e+01
3.435957327056973298e+01
3.411513962366956321e+01
3.387215995245935574e+01
3.363062246231571351e+01
3.339050946007353815e+01
3.315180918762747098e+01
3.291452117752405826e+01
3.267866069180354316e+01
3.244424454792438439e+01
3.221128756856195707e+01
3.197980078566065032e+01
3.174980122375571767e+01
3.152130404822589327e+01
3.129433247289722075e+01
3.106892178953724226e+01
3.084510104223416604e+01
3.062283377309729104e+01
3.040202641370221315e+01
3.018258349405473240e+01
2.996442674400054074e+01
2.974747916576727391e+01
2.953166453485765430e+01
2.931690232264996965e+01
2.910310236631716663e+01
2.889013741616589215e+01
2.867790430162912330e+01
2.846644826470675227e+01
2.825595052958168552e+01
2.804658994550331741e+01
2.783850893965709261e+01
2.763183426043309865e+01
2.742669281609546061e+01
2.722320894996345686e+01
2.702152413396423469e+01
2.682182655473733490e+01
2.662427326767352298e+01
2.642880221383152772e+01
2.623515872843134744e+01
2.604308813578898807e+01
2.585239909213678544e+01
2.566291523958868481e+01
2.547446901199008806e+01
2.528689495319553515e+01
2.510001643564141105e+01
2.491360106930217100e+01
2.472745517161206052e+01
2.454162168797074628e+01
2.435635405705486534e+01
2.417190124757255631e+01
2.398844592828321964e+01
2.380614948616241122e+01
2.362516762373132195e+01
2.344564806252742173e+01
2.326775116643582209e+01
2.309168689047691814e+01
2.291763219468539603e+01
2.274553817472365225e+01
2.257516210710833704e+01
2.240626631631590371e+01
2.223867669456562268e+01
2.207223708705090104e+01
2.190680086302761254e+01
2.174222518129122506e+01
2.157835727798648406e+01
2.141500001135472075e+01
2.125198565434016018e+01
2.108934517398553510e+01
2.092728332786363055e+01
2.076599630917958805e+01
2.060562658311514284e+01
2.044629516927052038e+01
2.028811852818856210e+01
2.013120750438103457e+01
1.997568185950014907e+01
1.982169971595279989e+01
1.966939612570016749e+01
1.951873407710391461e+01
1.936953678872880147e+01
1.922163018724655714e+01
1.907489130325694759e+01
1.892921373546726471e+01
1.878449668404043749e+01
1.864064445447297658e+01
1.849755820675874673e+01
1.835510912914156734e+01
1.821318843375971497e+01
1.807180589367522572e+01
1.793107388408722969e+01
1.779109863266299030e+01
1.765194963849286225e+01
1.751368660302507152e+01
1.737636501053923155e+01
1.724003260050313457e+01
1.710474271821669134e+01
1.697056054320538365e+01
1.683754323149944909e+01
1.670567908922026490e+01
1.657490052596558527e+01
1.644514223233193917e+01
1.631636075559072907e+01
1.618851763409877975e+01
1.606157826479915940e+01
1.593550830323460232e+01
1.581027408034073645e+01
1.568583383378840779e+01
1.556215345201782263e+01
1.543922757866424966e+01
1.531708693905527241e+01
1.519575559135427412e+01
1.507524916319495922e+01
1.495557872175504066e+01
1.483675514802433959e+01
1.471878737560446027e+01
1.460168717313526265e+01
1.448546540327460264e+01
1.437013578592986107e+01
1.425569127149681492e+01
1.414211076996497241e+01
1.402937208923275492e+01
1.391746206223799120e+01
1.380636728820137726e+01
1.369607710099291609e+01
1.358657811353517886e+01
1.347786113947158171e+01
1.336991420601058778e+01
1.326272735272455350e+01
1.315629276233651979e+01
1.305060797935817440e+01
1.294567184228190726e+01
1.284147876157327595e+01
1.273802343983705221e+01
1.263530108214832737e+01
1.253330431646183740e+01
1.243202713903729340e+01
1.233145699060767875e+01
1.223158492254344942e+01
1.213241054709945566e+01
1.203394117425021648e+01
1.193618199900702770e+01
1.183913831249835269e+01
1.174280977510661828e+01
1.164720060826463488e+01
1.155230801228421633e+01
1.145813647606623142e+01
1.136468726740519131e+01
1.127196358810729215e+01
1.117996076313238696e+01
1.108867117110236400e+01
1.099808895979932544e+01
1.090820961289055013e+01
1.081902802358764859e+01
1.073054266069473783e+01
1.064275169925609177e+01
1.055565759145048510e+01
1.046926472299995048e+01
1.038357997404373911e+01
1.029859038953071959e+01
1.021426975728541464e+01
1.013059112583541399e+01
1.004753757444382956e+01
9.965092639952462861e+00
9.883236913878770125e+00
9.801953567884169161e+00
9.721225331981241169e+00
9.641023022611120652e+00
9.561323551095931350e+00
9.482128854536814089e+00
9.403464868333719195e+00
9.325351052625798332e+00
9.247803265354654911e+00
9.170827316023228093e+00
9.094433622501570724e+00
9.018629352504644814e+00
8.943422922769620698e+00
8.868823879947521860e+00
8.794843332221841337e+00
8.721474770803309795e+00
8.648705139102251138e+00
8.576517282619263938e+00
8.504903951995636646e+00
8.433857919623163113e+00
8.363372162758675898e+00
8.293440109310548536e+00
8.224057064547428908e+00
8.155220339507295080e+00
8.086927532896922344e+00
8.019168841927577063e+00
7.951937997312366946e+00
7.885224056776769963e+00
7.819021805491122024e+00
7.753320688057190324e+00
7.688114035002422852e+00
7.623397160384428162e+00
7.559160588086940358e+00
7.495390142991343652e+00
7.432077283139346235e+00
7.369221666190995279e+00
7.306830901243548837e+00
7.244907266073497887e+00
7.183453354036920757e+00
7.122471589133704484e+00
7.061961181115569808e+00
7.001920829083003284e+00
6.942351500558087807e+00
6.883251590161812317e+00
6.824621491036976018e+00
6.766456458930707463e+00
6.708754973391405585e+00
6.651512852038590218e+00
6.594727552194008524e+00
6.538395133736635501e+00
6.482513404000421531e+00
6.427079303936671373e+00
6.372090663745594519e+00
6.317541337286702863e+00
6.263430917863906267e+00
6.209755646977522581e+00
6.156516800239921317e+00
6.103712506240573710e+00
6.051342033812963095e+00
5.999404424435200056e+00
5.947901906264743133e+00
5.896832483127416147e+00
5.846199821031135002e+00
5.796010929828364411e+00
5.746274452877782046e+00
5.696978523580720655e+00
5.648104272673504234e+00
5.599630959565910615e+00
5.551547792429706973e+00
5.503839721979615796e+00
5.456497337692217897e+00
5.409509664670205886e+00
5.362862843590279205e+00
5.316535382386944342e+00
5.270511986926197601e+00
5.224794749618795642e+00
5.179403511290252560e+00
5.134350803027159849e+00
5.089647933652805101e+00
5.045296881652792109e+00
5.001307412208094938e+00
4.957681379670080268e+00
4.914424521494572318e+00
4.871547021594017757e+00
4.829059101708352841e+00
4.786951905380000483e+00
4.745211087013695206e+00
4.703823279345858310e+00
4.662781843127451253e+00
4.622077030462054203e+00
4.581702908339932101e+00
4.541653062258324880e+00
4.501921269166754058e+00
4.462495467218825951e+00
4.423367161660606506e+00
4.384537138116054500e+00
4.346012490185553467e+00
4.307797161897769733e+00
4.269896738522572122e+00
4.232309920070219000e+00
4.195043538559149354e+00
4.158094916564269994e+00
4.121470284708085963e+00
4.085179318493746159e+00
4.049228561041118724e+00
4.013610001102492220e+00
3.978303574223983397e+00
3.943292490094427727e+00
3.908565928930591404e+00
3.874111323006532270e+00
3.839917722686520207e+00
3.805973949367921882e+00
3.772265875590477435e+00
3.738764910142120979e+00
3.705449274084369193e+00
3.672328456273120434e+00
3.639438130595755272e+00
3.606804537493379037e+00
3.574444836762684208e+00
3.542375521508325242e+00
3.510608510397227988e+00
3.479157736826109737e+00
3.448044117068703063e+00
3.417301852333319623e+00
3.386966879508923611e+00
3.357016511062693276e+00
3.327396906719816361e+00
3.298062791348954192e+00
3.268989380244605059e+00
3.240150654114037909e+00
3.211526978382419628e+00
3.183095404289765895e+00
3.154832698595063878e+00
3.126691778342038042e+00
3.098632610245259489e+00
3.070671530804038873e+00
3.042860621526646270e+00
3.015239708100678317e+00
2.987831087821278597e+00
2.960652880957569622e+00
2.933723193070203017e+00
2.907055231715087285e+00
2.880666552967332983e+00
2.854594295311662755e+00
2.828866170171152383e+00
2.803466315810592580e+00
2.778353851316253120e+00
2.753494037356495117e+00
2.728868594525533986e+00
2.704458929326402750e+00
2.680252686309632537e+00
2.656234891817719657e+00
2.632394496006657647e+00
2.608702009525083909e+00
2.585138756638573732e+00
2.561710015820791053e+00
2.538440748128530267e+00
2.515346635047742474e+00
2.492437193695364872e+00
2.469717954811494032e+00
2.447198749143997265e+00
2.424880077931768074e+00
2.402773260545479239e+00
2.380890334944174569e+00
2.359244343186385429e+00
2.337825718700440092e+00
2.316614826691990814e+00
2.295595246942445211e+00
2.274756739775317893e+00
2.254090435445135654e+00
2.233587483674454255e+00
2.213239198477636283e+00
2.193036974469572353e+00
2.172954056473944906e+00
2.152975097448841080e+00
2.133107858995916484e+00
2.113379517097138560e+00
2.093810010183258186e+00
2.074411457871855102e+00
2.055194162437211425e+00
2.036168315879760549e+00
2.017340955862698237e+00
1.998725571915782817e+00
1.980351077230427803e+00
1.962241077345297846e+00
1.944379219528360236e+00
1.926726452961498914e+00
1.909251863688859352e+00
1.891939770344708727e+00
1.874772685487003043e+00
1.857737712974861566e+00
1.840821415535855987e+00
1.824007363754093891e+00
1.807262904730995157e+00
1.790563291690273617e+00
1.773916781786020191e+00
1.757364170346645604e+00
1.740926828544217431e+00
1.724620835538739794e+00
1.708456351811106222e+00
1.692444403619071780e+00
1.676591005118603928e+00
1.660910092208634392e+00
1.645421070751883708e+00
1.630145458375437117e+00
1.615070534612122355e+00
1.600169435871430457e+00
1.585421091692733153e+00
1.570816334945816628e+00
1.556343359631755963e+00
1.541995896157635437e+00
1.527765131713698432e+00
1.513645690002275224e+00
1.499618086389890470e+00
1.485670976765346429e+00
1.471809184093277656e+00
1.458047376173445597e+00
1.444394221073690865e+00
1.430858025365272290e+00
1.417439609505659837e+00
1.404145343537641866e+00
1.390974308191837761e+00
1.377933637742100981e+00
1.365029467339794689e+00
1.352273366872457583e+00
1.339655353589563669e+00
1.327165039048101347e+00
1.314792909938959031e+00
1.302534643980770568e+00
1.290381473206049012e+00
1.278332661738103004e+00
1.266380148632839431e+00
1.254523283178458293e+00
1.242748628082434692e+00
1.231046808028335438e+00
1.219422968632299042e+00
1.207889562411099904e+00
1.196448947781017180e+00
1.185109442212447739e+00
1.173870996038814729e+00
1.162736452878281534e+00
1.151705967638729566e+00
1.140784194673176044e+00
1.129974070466401193e+00
1.119282674616163709e+00
1.108703335735608864e+00
1.098231259304537799e+00
1.087864000780455420e+00
1.077596154727487932e+00
1.067425639412547422e+00
1.057351964853969095e+00
1.047374879754784160e+00
1.037493312433792170e+00
1.027707206648198923e+00
1.018018811382212174e+00
1.008425010001968047e+00
9.989205750284865237e-01
9.894993960921201204e-01
9.801633532274318661e-01
9.709069379025319080e-01
9.617314322793752979e-01
9.526294456781133624e-01
9.435986826463554911e-01
9.346336554247561823e-01
9.257267055700110214e-01
9.168797540644912925e-01
9.081036493530423304e-01
8.994011283291472036e-01
8.907779974847657156e-01
8.822306325614617251e-01
8.737658619439804264e-01
8.653812965835262494e-01
8.570810589739875640e-01
8.488680014879845803e-01
8.407476769905601888e-01
8.327155269384505232e-01
8.247686639011880816e-01
8.168962006805560172e-01
8.090992539161588892e-01
8.013747932763461979e-01
7.937213343480052918e-01
7.861347539582528299e-01
7.786145093520047133e-01
7.711556358096508523e-01
7.637554369846550895e-01
7.564139024903078212e-01
7.491335930739458915e-01
7.419217002798402794e-01
7.347760239018723549e-01
7.276956044906316423e-01
7.206858870199194245e-01
7.137443691491784925e-01
7.068761683497185588e-01
7.000795646762371094e-01
6.933639001352976949e-01
6.867222483554000778e-01
6.801519510757745302e-01
6.736414793491058983e-01
6.671935514150044710e-01
6.608046240063956134e-01
6.544739093887639303e-01
6.481956351090354396e-01
6.419701963693092983e-01
6.357910177395407203e-01
6.296580785771144217e-01
6.235664996409677752e-01
6.175253313258448618e-01
6.115363974577610051e-01
6.056017186807653996e-01
5.997198334433263556e-01
5.938913978970521423e-01
5.881172606076447984e-01
5.823996262870869689e-01
5.767344836222124682e-01
5.711251986487766441e-01
5.655717690340772430e-01
5.600739500879921007e-01
5.546254001647991094e-01
5.492298872465164461e-01
5.438862708979980143e-01
5.385946923558260213e-01
5.333505630532029418e-01
5.281565474352943879e-01
5.230126759908846346e-01
5.179178844954885896e-01
5.128701101577652910e-01
5.078699736785883267e-01
5.029189988999106520e-01
4.980145241984715865e-01
4.931567999439252503e-01
4.883454651863937679e-01
4.835822023032660955e-01
4.788662434169615456e-01
4.741977127072919962e-01
4.695771041891229625e-01
4.650039440321335760e-01
4.604755750705733508e-01
4.559881168875440927e-01
4.515452209238695058e-01
4.471422759054041740e-01
4.427820613289980556e-01
4.384568047221169551e-01
4.341732970540633230e-01
4.299232614495502869e-01
4.257082452161962127e-01
4.215256910669845647e-01
4.173795771278473454e-01
4.132726389038417492e-01
4.092045461030340836e-01
4.051741478442295041e-01
4.011833012633508333e-01
3.972317561982894318e-01
3.933207468279928953e-01
3.894490049882096128e-01
3.856199736219879104e-01
3.818329250653533791e-01
3.780855407412739844e-01
3.743730476987435773e-01
3.706957606872482436e-01
3.670560011395201383e-01
3.634478425152299907e-01
3.598714948236737543e-01
3.563290207146306843e-01
3.528159513902957012e-01
3.493327574281472891e-01
3.458759770087783680e-01
3.424522648713875794e-01
3.390568160233611295e-01
3.356979452049137502e-01
3.323673306700117847e-01
3.290701743288122483e-01
3.258070725511315047e-01
3.225782478091749894e-01
3.193797212822998555e-01
3.162198817879415258e-01
3.130906569740716794e-01
3.099966566204963025e-01
3.069294578380822869e-01
3.038930057910981808e-01
3.008860737016230136e-01
2.979078478512287576e-01
2.949570299835599929e-01
2.920323365818717209e-01
2.891328538139472659e-01
2.862566255990215414e-01
2.834008884488257718e-01
2.805743462885656458e-01
2.777723562179062466e-01
2.750005062574160664e-01
2.722523279049580136e-01
2.695319595211862485e-01
2.668431521533728423e-01
2.641830480164541473e-01
2.615506792564274985e-01
2.589504251254912681e-01
2.563827565183764978e-01
2.538440394305484515e-01
2.513285582848041044e-01
2.488367687873214162e-01
2.463702397787883858e-01
2.439255530754633750e-01
2.415022204083782931e-01
2.390994784092403402e-01
2.367157848610010606e-01
2.343497049702870649e-01
2.319968919922225092e-01
2.296662387672815386e-01
2.273556288292143956e-01
2.250683551726814779e-01
2.228017846967009497e-01
2.205585414493813623e-01
2.183401830029394197e-01
2.161456862426222869e-01
2.139724058040937682e-01
2.118311568637938347e-01
2.097128701657586525e-01
2.076189899147214413e-01
2.055456451446180666e-01
2.034922402455683899e-01
2.014591672100734809e-01
1.994471296449374931e-01
1.974513085295802606e-01
1.954735249224029137e-01
1.935113285170412811e-01
1.915645657029641513e-01
1.896312538595811559e-01
1.877155004833993834e-01
1.858164916706064040e-01
1.839381619458273498e-01
1.820755751981302795e-01
1.802315663039603111e-01
1.784077754975491314e-01
1.766012072877694017e-01
1.748133739589566027e-01
1.730462790892378366e-01
1.712983181870073035e-01
1.695704164432915717e-01
1.678570312591430025e-01
1.661640613173584191e-01
1.644847768160760115e-01
1.628260058911585040e-01
1.611824645051101734e-01
1.595550172095013819e-01
1.579446251485822905e-01
1.563563615860462941e-01
1.547802638151672128e-01
1.532228434687644691e-01
1.516777987745001610e-01
1.501494530339282374e-01
1.486351699493631828e-01
1.471337259015343402e-01
1.456465528545125288e-01
1.441743899169709020e-01
1.427124982557338717e-01
1.412624180630613901e-01
1.398229667259809628e-01
1.383961458537948108e-01
1.369807288494011011e-01
1.355814282716030494e-01
1.341936887830210423e-01
1.328242455512868847e-01
1.314652467173498818e-01
1.301221645732253129e-01
1.287954740239000972e-01
1.274863359952238540e-01
1.261925067987080262e-01
1.249125220817559612e-01
1.236464723331149873e-01
1.223939168480465967e-01
1.211530411843915328e-01
1.199248184076795454e-01
1.187065833210564081e-01
1.175028532462280978e-01
1.163055885410083784e-01
1.151207937376516749e-01
1.139475369523521020e-01
1.127850984223649072e-01
1.116313166536679197e-01
1.104888310875696139e-01
1.093591266294255820e-01
1.082408136103400198e-01
1.071308100210349029e-01
1.060340203397810432e-01
1.049466013981210505e-01
1.038730257711786287e-01
1.028063290876752578e-01
1.017528180034274615e-01
1.007078962476550127e-01
9.967569162591663479e-02
9.865094111244186725e-02
9.763827707933557531e-02
9.663555387316152823e-02
9.564616514515358880e-02
9.466354107253359407e-02
9.369319064848678769e-02
9.273319194076797001e-02
9.178262398687515866e-02
9.084200315218547706e-02
8.991067653956358319e-02
8.898802637971174601e-02
8.807718521923665889e-02
8.717433626772276567e-02
8.627713763321219476e-02
8.539160413937048333e-02
8.451359972625821504e-02
8.364034570653820777e-02
8.277725217686165982e-02
8.192302370896065167e-02
8.107945620110665330e-02
8.023998973118737221e-02
7.941199511090563101e-02
7.858982472060352387e-02
7.778035758509974085e-02
7.697660390417719600e-02
7.618197111536745281e-02
7.539790082925626469e-02
7.462367495430054232e-02
7.385440726034789294e-02
7.309359418104242889e-02
7.233862280250437371e-02
7.159465916926616158e-02
7.085396213539041366e-02
7.012185917849683703e-02
6.939773767288000272e-02
6.867999016375854471e-02
6.796830661011210584e-02
6.726360119067117949e-02
6.656450980841227549e-02
6.587416721056488234e-02
6.519060422890209094e-02
6.451291540760677179e-02
6.384223027650856586e-02
6.318269075455690276e-02
6.252605946815638360e-02
6.188058566799677779e-02
6.124359432282083793e-02
6.061134525025518860e-02
5.998557247130711229e-02
5.936485218369887129e-02
5.875282743228103788e-02
5.814703189470502021e-02
5.754519552548828520e-02
5.694838740991416126e-02
5.635851494639965154e-02
5.577102533378990729e-02
5.518639961816967227e-02
5.460858339358937857e-02
5.403492908250684401e-02
5.347054618952084420e-02
5.290922628530995986e-02
5.235509196911219271e-02
5.180738968977038200e-02
5.126570376928717143e-02
5.072955762730799179e-02
5.020190533319003612e-02
4.967984594209878813e-02
4.916696257948763998e-02
4.865625341958847161e-02
4.815157798155750984e-02
4.765235779807652783e-02
4.715867116036198681e-02
4.666702264597653860e-02
4.618168148803089568e-02
4.570026677949214078e-02
4.522365102961800609e-02
4.474799969699200936e-02
4.427716904656161384e-02
4.381143396688811503e-02
4.335059105508724114e-02
4.289378613321617739e-02
4.244213473175595386e-02
4.199412753209937066e-02
4.155501943155728156e-02
4.111841257944079397e-02
4.068738219130942774e-02
4.026215333667901297e-02
3.984293734627770978e-02
3.942461258384781508e-02
3.901493823037446851e-02
3.860722162073812469e-02
3.820518476288013721e-02
3.780602566761691319e-02
3.741047577506519811e-02
3.701795412931106061e-02
3.663321623902746765e-02
3.624633778169916720e-02
3.586543446493016540e-02
3.548949722346581709e-02
3.511931245490919340e-02
3.474844566402453955e-02
3.438443116317776993e-02
3.402062419860771986e-02
3.366403121025072359e-02
3.330896472505910644e-02
3.295575523034210280e-02
3.260792514509484874e-02
3.226536431497298296e-02
3.192305281629776587e-02
3.158656534284806638e-02
3.125208493228734397e-02
3.092390368780994006e-02
3.059490263514786507e-02
3.027138604588418963e-02
2.995026969673926509e-02
2.963565553852903420e-02
2.932044914150926454e-02
2.900851808323014550e-02
2.870320224538867870e-02
2.840119012534618459e-02
2.809824513840589871e-02
2.780058794684685947e-02
2.750672994105551883e-02
2.721666794043864010e-02
2.692841577987016219e-02
2.664336727445890118e-02
2.636163609020985774e-02
2.608443165368393504e-02
2.580476355314542669e-02
2.553301505808506372e-02
2.526255891345020183e-02
2.499789897501001473e-02
2.473334393472624571e-02
2.447153739480716766e-02
2.421261535917182059e-02
2.395696615122384215e-02
2.370070002316805244e-02
2.345080266454012408e-02
2.320124100634821107e-02
2.295818040433195498e-02
2.271254124805787214e-02
2.247230739983756276e-02
2.223355812937869228e-02
2.199768638478250340e-02
2.176322527043601102e-02
2.153102320333788455e-02
2.129951606096325278e-02
2.107461742893859680e-02
2.084740238277924332e-02
2.062405272487727662e-02
2.040410950136798199e-02
2.018568235445800801e-02
1.996883122100605312e-02
1.975627879039268051e-02
1.954446056407549079e-02
1.933732259793966707e-02
1.913197872066190602e-02
1.892794927080908990e-02
1.872946245958717615e-02
1.853162000825769873e-02
1.833121418781005069e-02
1.813786304512366235e-02
1.794387965153959943e-02
1.775492012488363858e-02
1.756446192434214792e-02
1.737630332500290919e-02
1.718770924470933853e-02
1.700400958039582563e-02
1.681821429191364056e-02
1.663597411683143124e-02
1.645760406614981547e-02
1.628222555349806422e-02
1.610475745386411028e-02
1.593094661617002958e-02
1.575844833729910660e-02
1.559142876086236536e-02
1.542324755928518171e-02
1.525838491162365487e-02
1.509643345287627753e-02
1.493626563140036667e-02
1.477840317110387484e-02
1.461888685625771164e-02
1.446191649022959130e-02
1.430996067481424966e-02
1.415503922858677571e-02
1.400077083837283562e-02
1.384933798567252079e-02
1.370091405502068573e-02
1.355039733614545744e-02
1.340090881580175211e-02
1.325628972228447798e-02
1.311265363413342822e-02
1.296814776979658690e-02
1.282731263247518030e-02
1.268790845989175783e-02
1.255099776974039766e-02
1.241518167955713188e-02
1.227912556109895734e-02
1.214755894858896533e-02
1.201587782945041580e-02
1.188401908073651037e-02
1.175514608148455452e-02
1.162757335726422731e-02
1.150218006161894506e-02
1.137707072134373082e-02
1.125304036988040469e-02
1.113137239575498309e-02
1.101099560525546986e-02
1.088795586672626839e-02
1.076957020401957815e-02
1.065083784160423749e-02
1.053651289095413474e-02
1.041824246588819898e-02
1.030446958281591892e-02
1.019129963399137244e-02
1.007813531301030886e-02
9.965987673602409030e-03
9.854489262380156794e-03
9.745442285567697954e-03
9.637328841304835386e-03
9.529042635482536105e-03
9.421495888392535101e-03
9.317364664699510565e-03
9.212814315284536051e-03
9.106992715869852498e-03
9.002558823344143646e-03
8.900507313356530170e-03
8.798671820233364832e-03
8.697177538923787921e-03
8.593977087194974371e-03
8.498627801243798657e-03
8.398549110406307305e-03
8.298022424453594184e-03
8.200998813616465141e-03
8.104794442042786290e-03
8.009413546977728685e-03
7.913255292920308784e-03
7.818197086232082926e-03
7.723470103611474943e-03
7.630153233410678568e-03
7.533861967460264882e-03
7.439472224837324899e-03
7.347294291009032717e-03
7.253488922071108479e-03
7.158191051677078795e-03
7.060861722961497833e-03
6.965433798925037279e-03
6.868536015327570549e-03
6.769470588023114230e-03
6.668045707501219117e-03
6.571706791861288421e-03
6.465564202174412661e-03
6.364395226434030502e-03
6.253420788501644172e-03
6.150530015462150196e-03
6.035067122490202739e-03
5.926243115497991688e-03
5.800931913844626329e-03
5.684194993761014503e-03
5.545185492319071145e-03
5.413909710881169637e-03
5.246904005888521592e-03
5.105193282963974358e-03
4.915371705425805419e-03
4.751304717256363275e-03
4.516199630658301011e-03
4.318957964996924387e-03
4.004077829602634836e-03
3.745191251827839542e-03
3.298038984149474252e-03
2.970387358774715780e-03
2.339128723088652970e-03
1.938530817244245308e-03
9.542955231080956554e-04
4.026073458488530583e-04
-1.527573321397875279e-03
-2.503936289835139405e-03
-7.264885057987882297e-03
-8.516063047983413181e-03
-2.367165123172600139e-02
-6.104398209796239871e-03
-1.447355504182525586e-02
-3.305444643501575519e-01
-2.811405658099345173e-01
